2.392364888808991807e+01 1.358354193291264038e-08
3.331044872397067991e+01 1.022133348668432090e-08
4.638029923372906183e+01 7.559028389273033319e-09
6.457830018549893225e+01 5.208190233951137357e-09
8.991655775725593003e+01 3.290589317485218093e-09
1.251966579437689120e+02 2.094019322825792946e-09
1.743194307171331729e+02 1.324030757275640639e-09
2.427162547677079658e+02 8.634891753356249444e-10
3.379495910817744857e+02 5.866048042016110860e-10
4.705491448096191789e+02 4.116260077431848480e-10
6.551761076920117830e+02 2.913619339861959140e-10
9.122442083368957810e+02 2.022662534157627589e-10
1.270176805707649237e+03 1.344432420084306770e-10
1.768549586846891543e+03 8.419987518841449192e-11
2.392364888808991807e+01 -5.369163526106373490e-09
3.331044872397067991e+01 -3.872577753527723880e-09
4.638029923372906183e+01 -2.716956318247759154e-09
6.457830018549893225e+01 -1.660391713758335499e-09
8.991655775725593003e+01 -1.022997642319603568e-09
1.251966579437689120e+02 -6.585833595516356312e-10
1.743194307171331729e+02 -4.387394010210151811e-10
2.427162547677079658e+02 -3.056411258231814921e-10
3.379495910817744857e+02 -2.198981892000861169e-10
4.705491448096191789e+02 -1.581216548622365309e-10
6.551761076920117830e+02 -1.101663769133526645e-10
9.122442083368957810e+02 -7.254897742459873121e-11
1.270176805707649237e+03 -4.439309540232369060e-11
1.768549586846891543e+03 -2.504889038321258529e-11
2.392364888808991807e+01 -1.318702170306160839e-08
3.331044872397067991e+01 -9.941097475799348002e-09
4.638029923372906183e+01 -7.273006920790557422e-09
6.457830018549893225e+01 -5.015583636144678923e-09
8.991655775725593003e+01 -3.204546477538327555e-09
1.251966579437689120e+02 -2.048895729971651725e-09
1.743194307171331729e+02 -1.307728468501311271e-09
2.427162547677079658e+02 -8.600230330543588779e-10
3.379495910817744857e+02 -5.860908128846507102e-10
4.705491448096191789e+02 -4.099911495585109620e-10
6.551761076920117830e+02 -2.878469592431734213e-10
9.122442083368957810e+02 -1.977380230910772219e-10
1.270176805707649237e+03 -1.301203006135798091e-10
1.768549586846891543e+03 -8.089217561382418514e-11
2.392364888808991807e+01 -1.583895211695928378e-08
3.331044872397067991e+01 -1.198763194246213024e-08
4.638029923372906183e+01 -8.804051863059560373e-09
6.457830018549893225e+01 -6.118520097342024790e-09
8.991655775725593003e+01 -3.920031864233239650e-09
1.251966579437689120e+02 -2.503996569689960981e-09
1.743194307171331729e+02 -1.594201817507491378e-09
2.427162547677079658e+02 -1.044198231430502315e-09
3.379495910817744857e+02 -7.088592391781455996e-10
4.705491448096191789e+02 -4.949468882598431191e-10
6.551761076920117830e+02 -3.477952384624758350e-10
9.122442083368957810e+02 -2.397372527012156692e-10
1.270176805707649237e+03 -1.585930151342989058e-10
1.768549586846891543e+03 -9.921468722623355854e-11
2.392364888808991807e+01 -1.808162561495161960e-08
3.331044872397067991e+01 -1.371397467253214406e-08
4.638029923372906183e+01 -1.009511861477160459e-08
6.457830018549893225e+01 -7.046403542202293560e-09
8.991655775725593003e+01 -4.519276037975053040e-09
1.251966579437689120e+02 -2.885696381201577112e-09
1.743194307171331729e+02 -1.834343802131197003e-09
2.427162547677079658e+02 -1.198828266821474364e-09
3.379495910817744857e+02 -8.121567735718047623e-10
4.705491448096191789e+02 -5.665589312079885579e-10
6.551761076920117830e+02 -3.983714719492172236e-10
9.122442083368957810e+02 -2.751590510354364283e-10
1.270176805707649237e+03 -1.825721788155491345e-10
1.768549586846891543e+03 -1.146101583469667819e-10
2.392364888808991807e+01 1.429523253279385129e-08
3.331044872397067991e+01 1.133307313789326606e-08
4.638029923372906183e+01 8.288391148662160377e-09
6.457830018549893225e+01 5.883944691685553231e-09
8.991655775725593003e+01 4.247647597701529330e-09
1.251966579437689120e+02 2.711070364544774074e-09
1.743194307171331729e+02 1.780883420328364120e-09
2.427162547677079658e+02 1.138158387052726723e-09
3.379495910817744857e+02 7.409805029197514310e-10
4.705491448096191789e+02 4.907087982528269225e-10
6.551761076920117830e+02 3.291391206136686716e-10
9.122442083368957810e+02 2.210401338299918239e-10
1.270176805707649237e+03 1.465793993269292251e-10
1.768549586846891543e+03 9.472161065550305923e-11
2.392364888808991807e+01 6.839063316472933364e-09
3.331044872397067991e+01 4.768474338364234698e-09
4.638029923372906183e+01 3.247558284484638368e-09
6.457830018549893225e+01 1.965095705462622226e-09
8.991655775725593003e+01 1.215582668684373948e-09
1.251966579437689120e+02 8.711656363957580915e-10
1.743194307171331729e+02 5.821617839602536921e-10
2.427162547677079658e+02 4.177045359771221978e-10
3.379495910817744857e+02 2.987984551025437047e-10
4.705491448096191789e+02 2.074548807775274850e-10
6.551761076920117830e+02 1.371276202294409463e-10
9.122442083368957810e+02 8.490219479692319759e-11
1.270176805707649237e+03 4.869616242780001381e-11
1.768549586846891543e+03 2.581363430367083066e-11
2.392364888808991807e+01 1.820163969194547719e-09
3.331044872397067991e+01 1.237930197487550090e-10
4.638029923372906183e+01 -4.741875325224080256e-10
6.457830018549893225e+01 -8.785300799962272391e-10
8.991655775725593003e+01 -1.002188003097097610e-09
1.251966579437689120e+02 -6.022951381350844376e-10
1.743194307171331729e+02 -3.447474619034476213e-10
2.427162547677079658e+02 -1.457392945846574852e-10
3.379495910817744857e+02 -4.592153057362988239e-11
4.705491448096191789e+02 -8.829605231524391168e-12
6.551761076920117830e+02 -5.478983407003805787e-12
9.122442083368957810e+02 -1.391306767504813771e-11
1.270176805707649237e+03 -2.158804231308760711e-11
1.768549586846891543e+03 -2.382685483206517211e-11
2.392364888808991807e+01 -6.045836617132603758e-10
3.331044872397067991e+01 -2.140462975274946550e-09
4.638029923372906183e+01 -2.289584147579956091e-09
6.457830018549893225e+01 -2.288600993763546678e-09
8.991655775725593003e+01 -2.109614738440401143e-09
1.251966579437689120e+02 -1.326963746832273683e-09
1.743194307171331729e+02 -8.021689765374664556e-10
2.427162547677079658e+02 -4.221215361124888537e-10
3.379495910817744857e+02 -2.136255588952222905e-10
4.705491448096191789e+02 -1.135831981449772267e-10
6.551761076920117830e+02 -7.467052578784726812e-11
9.122442083368957810e+02 -6.222672422830229852e-11
1.270176805707649237e+03 -5.631754593171501036e-11
1.768549586846891543e+03 -4.859414312796002398e-11
2.392364888808991807e+01 1.952467132936430351e-08
3.331044872397067991e+01 1.541744679304190740e-08
4.638029923372906183e+01 1.159405643114991877e-08
6.457830018549893225e+01 8.238313314278344722e-09
8.991655775725593003e+01 5.619136191595813672e-09
1.251966579437689120e+02 3.848828619378640007e-09
1.743194307171331729e+02 2.449168283705172252e-09
2.427162547677079658e+02 1.616079579141038340e-09
3.379495910817744857e+02 1.053652540628374079e-09
4.705491448096191789e+02 6.986640242933862200e-10
6.551761076920117830e+02 4.676799949267378131e-10
9.122442083368957810e+02 3.120025378804106860e-10
1.270176805707649237e+03 2.045578392123200885e-10
1.768549586846891543e+03 1.303224450794956546e-10
2.392364888808991807e+01 1.736334968673491679e-08
3.331044872397067991e+01 1.266247931031006526e-08
4.638029923372906183e+01 8.930609213513006317e-09
6.457830018549893225e+01 6.147111974694705929e-09
8.991655775725593003e+01 3.932703085959792003e-09
1.251966579437689120e+02 2.432529006946876369e-09
1.743194307171331729e+02 1.620402272738002660e-09
2.427162547677079658e+02 1.069260790310688925e-09
3.379495910817744857e+02 7.373241621817768735e-10
4.705491448096191789e+02 5.175435233317600700e-10
6.551761076920117830e+02 3.601389459853867774e-10
9.122442083368957810e+02 2.433303334992085982e-10
1.270176805707649237e+03 1.569081471511960797e-10
1.768549586846891543e+03 9.540711182700273272e-11
2.392364888808991807e+01 1.583345328438335030e-08
3.331044872397067991e+01 1.054108599853430958e-08
4.638029923372906183e+01 6.755294734730496952e-09
6.457830018549893225e+01 4.370842382954132071e-09
8.991655775725593003e+01 2.513129127203500498e-09
1.251966579437689120e+02 1.231673919942338931e-09
1.743194307171331729e+02 8.606760164140473704e-10
2.427162547677079658e+02 5.814965437425810609e-10
3.379495910817744857e+02 4.567602422198744866e-10
4.705491448096191789e+02 3.565640347275345036e-10
6.551761076920117830e+02 2.664063319160327310e-10
9.122442083368957810e+02 1.851701553474463961e-10
1.270176805707649237e+03 1.174981661311263469e-10
1.768549586846891543e+03 6.680618432854178711e-11
2.392364888808991807e+01 2.906870896815807968e-08
3.331044872397067991e+01 2.321631997877709684e-08
4.638029923372906183e+01 1.758050691862609276e-08
6.457830018549893225e+01 1.275385047792311019e-08
8.991655775725593003e+01 8.838251614328393051e-09
1.251966579437689120e+02 5.856220638716002096e-09
1.743194307171331729e+02 3.846440658844904984e-09
2.427162547677079658e+02 2.450601213377514521e-09
3.379495910817744857e+02 1.607859111684967563e-09
4.705491448096191789e+02 1.064548361517856307e-09
6.551761076920117830e+02 7.144514150981502996e-10
9.122442083368957810e+02 4.807448777408765455e-10
1.270176805707649237e+03 3.187333997207944308e-10
1.768549586846891543e+03 2.054631290288613888e-10
2.392364888808991807e+01 3.163876714594178310e-08
3.331044872397067991e+01 2.461892810801720543e-08
4.638029923372906183e+01 1.794412585190743514e-08
6.457830018549893225e+01 1.262386601414918052e-08
8.991655775725593003e+01 8.642375788045112222e-09
1.251966579437689120e+02 5.511856196374077420e-09
1.743194307171331729e+02 3.398735647153886631e-09
2.427162547677079658e+02 2.219475710352087348e-09
3.379495910817744857e+02 1.456910945753664996e-09
4.705491448096191789e+02 9.934635796354145861e-10
6.551761076920117830e+02 6.904614669809588320e-10
9.122442083368957810e+02 4.777556416848845291e-10
1.270176805707649237e+03 3.222813638033694327e-10
1.768549586846891543e+03 2.083885249713338607e-10
2.392364888808991807e+01 4.787536677942943563e-08
3.331044872397067991e+01 4.007106268100469100e-08
4.638029923372906183e+01 3.134070643372561759e-08
6.457830018549893225e+01 2.317701694548159303e-08
8.991655775725593003e+01 1.648740331478337705e-08
1.251966579437689120e+02 1.125753945709553566e-08
1.743194307171331729e+02 7.274083096781708580e-09
2.427162547677079658e+02 4.624269553770461759e-09
3.379495910817744857e+02 2.949558056479207403e-09
4.705491448096191789e+02 1.914159107418301377e-09
6.551761076920117830e+02 1.268763986811547813e-09
9.122442083368957810e+02 8.536097347517891238e-10
1.270176805707649237e+03 5.740000227015757778e-10
1.768549586846891543e+03 3.792677286535123430e-10
2.392364888808991807e+01 8.556102461434497037e-07
3.331044872397067991e+01 6.558289080701278425e-07
4.638029923372906183e+01 4.881826164439593835e-07
6.457830018549893225e+01 3.472704471015178969e-07
8.991655775725593003e+01 2.243142938712357327e-07
1.251966579437689120e+02 1.426991376231466745e-07
1.743194307171331729e+02 9.010633506820772238e-08
2.427162547677079658e+02 5.829717343396113240e-08
2.392364888808991807e+01 1.099329457228889505e-06
3.331044872397067991e+01 8.489730538515083733e-07
4.638029923372906183e+01 6.338410319330221945e-07
6.457830018549893225e+01 4.550615174701716277e-07
8.991655775725593003e+01 2.970880802954400020e-07
1.251966579437689120e+02 1.885764691328818815e-07
1.743194307171331729e+02 1.190539972567963195e-07
2.427162547677079658e+02 7.657384651146310236e-08
2.392364888808991807e+01 1.295077681580009548e-06
3.331044872397067991e+01 1.003021523598055246e-06
4.638029923372906183e+01 7.498624047933098871e-07
6.457830018549893225e+01 5.407215045706323755e-07
8.991655775725593003e+01 3.542731111227613496e-07
1.251966579437689120e+02 2.246955790096668137e-07
1.743194307171331729e+02 1.417813634829955613e-07
2.427162547677079658e+02 9.097245104483768619e-08
2.392364888808991807e+01 5.875023209337364424e-07
3.331044872397067991e+01 5.108434190971972441e-07
4.638029923372906183e+01 3.978992114860293905e-07
6.457830018549893225e+01 3.001085586224078719e-07
8.991655775725593003e+01 2.244630740042537400e-07
1.251966579437689120e+02 1.457090949349364597e-07
1.743194307171331729e+02 9.226151588961567263e-08
2.427162547677079658e+02 5.678886692712633478e-08
3.379495910817744857e+02 3.545132022630699420e-08
4.705491448096191789e+02 2.282873482574152348e-08
2.392364888808991807e+01 8.452816740250668749e-07
3.331044872397067991e+01 7.426943577139968584e-07
4.638029923372906183e+01 5.826956367897299989e-07
6.457830018549893225e+01 4.393213627937760781e-07
8.991655775725593003e+01 3.301147975785203992e-07
1.251966579437689120e+02 2.170388316592698944e-07
1.743194307171331729e+02 1.369070190318397161e-07
2.427162547677079658e+02 8.447697324215624156e-08
3.379495910817744857e+02 5.256957809728508710e-08
4.705491448096191789e+02 3.366840956380593706e-08
2.392364888808991807e+01 4.911788398103632553e-07
3.331044872397067991e+01 4.819573749105829300e-07
4.638029923372906183e+01 4.171936170007331968e-07
6.457830018549893225e+01 3.214051026206473890e-07
8.991655775725593003e+01 2.424570516998350967e-07
1.251966579437689120e+02 1.830026886070667340e-07
1.743194307171331729e+02 1.147081984459478788e-07
2.427162547677079658e+02 7.333991452865553603e-08
3.379495910817744857e+02 4.418027588248706060e-08
4.705491448096191789e+02 2.699850606693019144e-08
6.551761076920117830e+02 1.699788202338212598e-08
2.392364888808991807e+01 2.578975381703586173e-07
3.331044872397067991e+01 2.692326915798462544e-07
4.638029923372906183e+01 2.523571078134845188e-07
6.457830018549893225e+01 2.066799512434047933e-07
8.991655775725593003e+01 1.549100056282649772e-07
1.251966579437689120e+02 1.190184867342453919e-07
1.743194307171331729e+02 8.424321631849687998e-08
2.427162547677079658e+02 5.125084448068232031e-08
3.379495910817744857e+02 3.161150153079101448e-08
4.705491448096191789e+02 1.905795522685354833e-08
6.551761076920117830e+02 1.155143020005186107e-08
2.392364888808991807e+01 6.470673549660142137e-05
3.331044872397067991e+01 4.976691316407899114e-05
4.638029923372906183e+01 3.753146657447259675e-05
6.457830018549893225e+01 2.724974797576938822e-05
8.991655775725593003e+01 1.749395623796739981e-05
1.251966579437689120e+02 1.116114542707044466e-05
1.743194307171331729e+02 6.978143346972194404e-06
2.427162547677079658e+02 4.467588071374346041e-06
2.392364888808991807e+01 3.343019240151558089e-05
3.331044872397067991e+01 2.963763078665881151e-05
4.638029923372906183e+01 2.321662696911536386e-05
6.457830018549893225e+01 1.743825372439525843e-05
8.991655775725593003e+01 1.334611405397437339e-05
1.251966579437689120e+02 8.677120281451038784e-06
1.743194307171331729e+02 5.529609813971968915e-06
2.427162547677079658e+02 3.377619263779707128e-06
3.379495910817744857e+02 2.096507861868306385e-06
4.705491448096191789e+02 1.338646051778189346e-06
2.392364888808991807e+01 1.980511536810400396e-05
3.331044872397067991e+01 1.963513202160022307e-05
4.638029923372906183e+01 1.716878842521340370e-05
6.457830018549893225e+01 1.324689576572139589e-05
8.991655775725593003e+01 9.949342571126702710e-06
1.251966579437689120e+02 7.643457669762640760e-06
1.743194307171331729e+02 4.746875345719091222e-06
2.427162547677079658e+02 3.077777424784950774e-06
3.379495910817744857e+02 1.842897348008803723e-06
4.705491448096191789e+02 1.119845716892584774e-06
6.551761076920117830e+02 7.009653876427180701e-07
2.392364888808991807e+01 1.331319215644483353e-05
3.331044872397067991e+01 1.403180067681528147e-05
4.638029923372906183e+01 1.333176538518716982e-05
6.457830018549893225e+01 1.105215856558391505e-05
8.991655775725593003e+01 8.286837074513504859e-06
1.251966579437689120e+02 6.348417819696573229e-06
1.743194307171331729e+02 4.615891201457000412e-06
2.427162547677079658e+02 2.760541388475690607e-06
3.379495910817744857e+02 1.719428847955733676e-06
4.705491448096191789e+02 1.034887268599910252e-06
6.551761076920117830e+02 6.241050928721062130e-07
2.392364888808991807e+01 9.819420913801926227e-06
3.331044872397067991e+01 1.073935019240104108e-05
4.638029923372906183e+01 1.076533129134020589e-05
6.457830018549893225e+01 9.522428920765727489e-06
8.991655775725593003e+01 7.380535015092214321e-06
1.251966579437689120e+02 5.517235271399470930e-06
1.743194307171331729e+02 4.289423467504155348e-06
2.427162547677079658e+02 2.652931975264557285e-06
3.379495910817744857e+02 1.729047203166428110e-06
4.705491448096191789e+02 1.011562562866559296e-06
6.551761076920117830e+02 5.947363360097901000e-07
9.122442083368957810e+02 3.554518816468930021e-07
