0.000000000000000000e+00 0.000000000000000000e+00 0.000000000000000000e+00 0.000000000000000000e+00 0.000000000000000000e+00 0.000000000000000000e+00
7.014028056112224518e-03 7.112924012834066303e-13 0.000000000000000000e+00 0.000000000000000000e+00 0.000000000000000000e+00 0.000000000000000000e+00
1.402805611222444904e-02 1.602568578642664403e-11 0.000000000000000000e+00 0.000000000000000000e+00 0.000000000000000000e+00 0.000000000000000000e+00
2.104208416833667356e-02 1.846110091629780297e-10 0.000000000000000000e+00 0.000000000000000000e+00 0.000000000000000000e+00 0.000000000000000000e+00
2.805611222444889807e-02 1.532305440529519886e-09 0.000000000000000000e+00 0.000000000000000000e+00 0.000000000000000000e+00 0.000000000000000000e+00
3.507014028056112259e-02 1.022716710656318833e-08 0.000000000000000000e+00 0.000000000000000000e+00 0.000000000000000000e+00 0.000000000000000000e+00
4.208416833667334711e-02 5.774208424959805943e-08 0.000000000000000000e+00 0.000000000000000000e+00 0.000000000000000000e+00 0.000000000000000000e+00
4.909819639278557163e-02 2.837361525265422979e-07 0.000000000000000000e+00 0.000000000000000000e+00 0.000000000000000000e+00 0.000000000000000000e+00
5.611222444889779615e-02 1.235695996345244874e-06 0.000000000000000000e+00 0.000000000000000000e+00 0.000000000000000000e+00 0.000000000000000000e+00
6.312625250501002760e-02 4.830647169519848970e-06 0.000000000000000000e+00 0.000000000000000000e+00 0.000000000000000000e+00 0.000000000000000000e+00
7.014028056112224518e-02 1.711344553150403756e-05 0.000000000000000000e+00 0.000000000000000000e+00 0.000000000000000000e+00 0.000000000000000000e+00
7.715430861723446276e-02 5.535859668603535319e-05 0.000000000000000000e+00 0.000000000000000000e+00 0.000000000000000000e+00 0.000000000000000000e+00
8.416833667334669422e-02 1.645325546367543059e-04 0.000000000000000000e+00 0.000000000000000000e+00 0.000000000000000000e+00 0.000000000000000000e+00
9.118236472945892568e-02 4.516932113063213176e-04 0.000000000000000000e+00 0.000000000000000000e+00 0.000000000000000000e+00 0.000000000000000000e+00
9.819639278557114326e-02 1.150746049966037401e-03 0.000000000000000000e+00 0.000000000000000000e+00 0.000000000000000000e+00 0.000000000000000000e+00
1.052104208416833608e-01 2.731908895104151296e-03 0.000000000000000000e+00 0.000000000000000000e+00 0.000000000000000000e+00 0.000000000000000000e+00
1.122244488977955923e-01 6.066646133250985957e-03 0.000000000000000000e+00 0.000000000000000000e+00 0.000000000000000000e+00 0.000000000000000000e+00
1.192384769539078238e-01 1.264581189556185196e-02 6.310298414525193787e-17 0.000000000000000000e+00 0.000000000000000000e+00 0.000000000000000000e+00
1.262525050100200552e-01 2.482460346632448314e-02 3.444662314995046669e-16 0.000000000000000000e+00 0.000000000000000000e+00 0.000000000000000000e+00
1.332665330661322589e-01 4.603629171420047655e-02 2.915556020324028872e-15 0.000000000000000000e+00 0.000000000000000000e+00 0.000000000000000000e+00
1.402805611222444904e-01 8.088818149360248178e-02 2.283232669145840324e-14 0.000000000000000000e+00 0.000000000000000000e+00 0.000000000000000000e+00
1.472945891783567218e-01 1.350435446368963566e-01 1.641008268348436884e-13 0.000000000000000000e+00 0.000000000000000000e+00 0.000000000000000000e+00
1.543086172344689255e-01 2.148167997762735204e-01 1.079990416727211768e-12 0.000000000000000000e+00 0.000000000000000000e+00 0.000000000000000000e+00
1.613226452905811570e-01 3.264705721050151221e-01 6.527315167203666157e-12 0.000000000000000000e+00 0.000000000000000000e+00 0.000000000000000000e+00
1.683366733466933884e-01 4.752908761923105296e-01 3.634506257138553061e-11 0.000000000000000000e+00 0.000000000000000000e+00 0.000000000000000000e+00
1.753507014028056199e-01 6.646034623444261324e-01 1.869641891103072758e-10 0.000000000000000000e+00 0.000000000000000000e+00 0.000000000000000000e+00
1.823647294589178514e-01 8.949469766366583423e-01 8.909248539201644905e-10 0.000000000000000000e+00 0.000000000000000000e+00 0.000000000000000000e+00
1.893787575150300551e-01 1.163611609854862783e+00 3.942872983434096242e-09 0.000000000000000000e+00 0.000000000000000000e+00 0.000000000000000000e+00
1.963927855711422865e-01 1.464680369763390333e+00 1.624613754808235251e-08 0.000000000000000000e+00 0.000000000000000000e+00 0.000000000000000000e+00
2.034068136272545180e-01 1.789593353500254835e+00 6.247258991302738619e-08 0.000000000000000000e+00 0.000000000000000000e+00 0.000000000000000000e+00
2.104208416833667217e-01 2.128130090791013007e+00 2.247139195448308951e-07 0.000000000000000000e+00 0.000000000000000000e+00 0.000000000000000000e+00
2.174348697394789531e-01 2.469610531568526834e+00 7.577668064282266612e-07 0.000000000000000000e+00 0.000000000000000000e+00 0.000000000000000000e+00
2.244488977955911846e-01 2.804078425667023922e+00 2.400698731194955114e-06 0.000000000000000000e+00 0.000000000000000000e+00 0.000000000000000000e+00
2.314629258517034160e-01 3.123257155659477480e+00 7.160394543102292237e-06 0.000000000000000000e+00 0.000000000000000000e+00 0.000000000000000000e+00
2.384769539078156475e-01 3.421142149582836467e+00 2.014677338502365538e-05 0.000000000000000000e+00 0.000000000000000000e+00 0.000000000000000000e+00
2.454909819639278512e-01 3.694187973935363800e+00 5.357825271137968258e-05 0.000000000000000000e+00 0.000000000000000000e+00 0.000000000000000000e+00
2.525050100200401104e-01 3.941133295753772803e+00 1.349293027240078301e-04 0.000000000000000000e+00 0.000000000000000000e+00 0.000000000000000000e+00
2.595190380761522864e-01 4.162562888100486802e+00 3.223706779968358574e-04 0.000000000000000000e+00 0.000000000000000000e+00 0.000000000000000000e+00
2.665330661322645178e-01 4.360325537340167479e+00 7.320006531816584039e-04 0.000000000000000000e+00 0.000000000000000000e+00 0.000000000000000000e+00
2.735470941883767493e-01 4.536914983784993360e+00 1.582447002037867334e-03 0.000000000000000000e+00 0.000000000000000000e+00 0.000000000000000000e+00
2.805611222444889807e-01 4.694890378791432006e+00 3.262460691665974941e-03 1.946867161557224580e-16 0.000000000000000000e+00 0.000000000000000000e+00
2.875751503006012122e-01 4.836377715565489233e+00 6.425095814569116610e-03 9.972392549044393082e-16 0.000000000000000000e+00 0.000000000000000000e+00
2.945891783567134437e-01 4.962666275035003238e+00 1.210700483317545158e-02 6.939057358797951969e-15 0.000000000000000000e+00 0.000000000000000000e+00
3.016032064128256751e-01 5.073901008192792439e+00 2.186289225641371500e-02 4.026188912979072715e-14 0.000000000000000000e+00 0.000000000000000000e+00
3.086172344689378511e-01 5.168873508641952164e+00 3.789408391538892640e-02 2.211030920014720883e-13 0.000000000000000000e+00 0.000000000000000000e+00
3.156312625250500825e-01 5.244925957736035649e+00 6.313890405312898302e-02 1.137037840893173363e-12 0.000000000000000000e+00 0.000000000000000000e+00
3.226452905811623140e-01 5.297995742432600963e+00 1.012849717859760496e-01 5.486370117472990295e-12 0.000000000000000000e+00 0.000000000000000000e+00
3.296593186372745454e-01 5.322834053322862857e+00 1.566640130126845387e-01 2.488280206214272637e-11 0.000000000000000000e+00 0.000000000000000000e+00
3.366733466933867769e-01 5.313422495160815551e+00 2.340016520666632072e-01 1.062555878655228463e-10 0.000000000000000000e+00 0.000000000000000000e+00
3.436873747494990083e-01 5.263585231838786349e+00 3.380184227205127456e-01 4.279428804866732961e-10 0.000000000000000000e+00 0.000000000000000000e+00
3.507014028056112398e-01 5.167754391724916907e+00 4.729105198167458668e-01 1.628229523496061491e-09 0.000000000000000000e+00 0.000000000000000000e+00
3.577154308617234713e-01 5.021803153864799363e+00 6.417724360871748246e-01 5.861870960080854299e-09 0.000000000000000000e+00 0.000000000000000000e+00
3.647294589178357027e-01 4.823827107139609716e+00 8.460493577414964772e-01 1.999967523432016313e-08 0.000000000000000000e+00 0.000000000000000000e+00
3.717434869739478787e-01 4.574742214687571362e+00 1.085116534523984599e+00 6.476378680828293830e-08 0.000000000000000000e+00 0.000000000000000000e+00
3.787575150300601101e-01 4.278583998696966262e+00 1.356071007204063150e+00 1.993437811966096228e-07 0.000000000000000000e+00 0.000000000000000000e+00
3.857715430861723416e-01 3.942436480455910885e+00 1.653788940126646345e+00 5.840576148343220836e-07 0.000000000000000000e+00 0.000000000000000000e+00
3.927855711422845730e-01 3.575981994181526069e+00 1.971256025016704827e+00 1.631158408445559498e-06 0.000000000000000000e+00 0.000000000000000000e+00
3.997995991983968045e-01 3.190729729226827072e+00 2.300129606575763486e+00 4.348236867896662456e-06 0.000000000000000000e+00 0.000000000000000000e+00
4.068136272545090359e-01 2.799036037266031673e+00 2.631450759086140234e+00 1.107850004503169931e-05 0.000000000000000000e+00 0.000000000000000000e+00
4.138276553106212674e-01 2.413060861839011473e+00 2.956401441733825131e+00 2.701215317226257458e-05 0.000000000000000000e+00 0.000000000000000000e+00
4.208416833667334433e-01 2.043806475442494275e+00 3.267000139056844610e+00 6.310939297356758142e-05 0.000000000000000000e+00 0.000000000000000000e+00
4.278557114228456748e-01 1.700359076215338883e+00 3.556647548747565502e+00 1.414550535233734707e-04 0.000000000000000000e+00 0.000000000000000000e+00
4.348697394789579063e-01 1.389409031203064915e+00 3.820465862062533358e+00 3.045463523567914707e-04 0.000000000000000000e+00 0.000000000000000000e+00
4.418837675350701377e-01 1.115073300889456887e+00 4.055412588807143059e+00 6.305332520560589290e-04 3.225239391044993426e-16 0.000000000000000000e+00
4.488977955911823692e-01 8.789953632257377913e-01 4.260184474616245609e+00 1.256841470919065756e-03 1.948628397757777819e-15 0.000000000000000000e+00
4.559118236472946006e-01 6.806623819858992341e-01 4.434952818262050123e+00 2.414676462463096612e-03 9.806471303790450558e-15 0.000000000000000000e+00
4.629258517034068321e-01 5.178606523115146798e-01 4.580985656102221526e+00 4.476327261507872211e-03 4.702680747334832159e-14 0.000000000000000000e+00
4.699398797595190636e-01 3.871883090379035219e-01 4.700215287804649478e+00 8.015651650625982283e-03 2.136339042023392107e-13 0.000000000000000000e+00
4.769539078156312950e-01 2.845553732862175500e-01 4.794804231534843808e+00 1.387942848957864073e-02 9.224542825149540569e-13 0.000000000000000000e+00
4.839679358717434710e-01 2.056202031852571999e-01 4.866752666641244396e+00 2.326346405092107744e-02 3.785899659937975327e-12 0.000000000000000000e+00
4.909819639278557024e-01 1.461329491204981235e-01 4.917579202487183387e+00 3.778287606371623364e-02 1.478906613866633022e-11 0.000000000000000000e+00
4.979959919839679339e-01 1.021763780942735733e-01 4.948096669439041584e+00 5.952172739828856529e-02 5.506009280276182389e-11 0.000000000000000000e+00
5.050100200400802208e-01 7.030972707713430137e-02 4.958296306070855586e+00 9.104436789030706523e-02 1.955949888510522215e-10 0.000000000000000000e+00
5.120240480961923968e-01 4.763102281543914879e-02 4.947346658219503368e+00 1.353507984093710315e-01 6.637632715742079194e-10 0.000000000000000000e+00
5.190380761523045727e-01 3.177783088588089638e-02 4.913706472060261454e+00 1.957621509329593168e-01 2.154253454766085178e-09 0.000000000000000000e+00
5.260521042084168597e-01 2.088675019849633649e-02 4.855342709973666793e+00 2.757303453647824143e-01 6.694080191236503831e-09 0.000000000000000000e+00
5.330661322645290356e-01 1.352955473573144024e-02 4.770035161359256648e+00 3.785774956613605080e-01 1.993729442626199812e-08 0.000000000000000000e+00
5.400801603206413226e-01 8.640053297041195429e-03 4.655738687241135487e+00 5.071839709007078811e-01 5.697466484728634021e-08 0.000000000000000000e+00
5.470941883767534986e-01 5.441565163745804012e-03 4.510964685499660121e+00 6.636566092560662877e-01 1.563816030052076573e-07 0.000000000000000000e+00
5.541082164328657855e-01 3.381110505115374112e-03 4.335137205825900786e+00 8.490175751905345569e-01 4.126817621077174439e-07 0.000000000000000000e+00
5.611222444889779615e-01 2.073364314672797217e-03 4.128878428023129210e+00 1.062957298312446008e+00 1.048088084524817533e-06 0.000000000000000000e+00
5.681362725450901374e-01 1.255231500818773487e-03 3.894184196686901522e+00 1.303690488667033742e+00 2.564191562051975677e-06 0.000000000000000000e+00
5.751503006012024244e-01 7.505049484606428518e-04 3.634462832925194675e+00 1.567942577426342021e+00 6.048965604494461600e-06 0.000000000000000000e+00
5.821643286573146003e-01 4.433150420842294458e-04 3.354427860420998275e+00 1.851076863542824746e+00 1.377172673842143109e-05 0.000000000000000000e+00
5.891783567134268873e-01 2.587891742674518604e-04 3.059854733499947965e+00 2.147353160502921021e+00 3.028741650512712690e-05 0.000000000000000000e+00
5.961923847695390632e-01 1.493474336255897861e-04 2.757229738715965883e+00 2.450290378128680224e+00 6.439974545144143804e-05 0.000000000000000000e+00
6.032064128256513502e-01 8.523311325732516475e-05 2.453332806014528078e+00 2.753091518000832849e+00 1.325036010486201781e-04 4.461376329669754032e-16
6.102204408817635262e-01 4.811896665609569329e-05 2.154802813602143985e+00 3.049082300107693655e+00 2.640332955704034908e-04 2.674204556186064121e-15
6.172344689378757021e-01 2.688174477679474334e-05 1.867733299096248745e+00 3.332114948630864770e+00 5.099596251838738959e-04 1.201915971043210043e-14
6.242484969939879891e-01 1.486500615262750091e-05 1.597338964559466001e+00 3.596895940472978115e+00 9.554559325835409013e-04 4.978405777079206391e-14
6.312625250501001650e-01 8.138977043147690538e-06 1.347720848927181247e+00 3.839208955744580098e+00 1.737914706515292142e-03 1.956906912056753041e-13
6.382765531062124520e-01 4.413667232910481982e-06 1.121743090349344385e+00 4.056019376103664698e+00 3.071342072935045499e-03 7.347456001392278246e-13
6.452905811623246279e-01 2.371262566985626606e-06 9.210194596554023283e-01 4.245461872377383372e+00 5.277680460364838136e-03 2.648917068767840232e-12
6.523046092184369149e-01 1.262503479463994911e-06 7.459955308788299710e-01 4.406725740527860147e+00 8.824722018803224724e-03 9.173755290674456643e-12
6.593186372745490909e-01 6.663130411440836482e-07 5.961039050963717889e-01 4.539862253500060341e+00 1.436894594348091768e-02 3.054511947326626327e-11
6.663326653306613778e-01 3.486856638894401528e-07 4.699658585805915334e-01 4.645543792878081391e+00 2.279990637771780668e-02 9.785839514536432268e-11
6.733466933867735538e-01 1.809733151048356464e-07 3.656128646759423395e-01 4.724806027778641671e+00 3.528090370030965289e-02 3.019212211897748554e-10
6.803607214428857297e-01 9.318192566396646868e-08 2.807047648564395259e-01 4.778802529626352324e+00 5.327891067056812757e-02 8.978333993519429075e-10
6.873747494989980167e-01 4.760964591808830135e-08 2.127267540490461184e-01 4.808596787992335031e+00 7.857551609685296812e-02 2.575508898581141637e-09
6.943887775551101926e-01 2.414411270466078443e-08 1.591535819895710802e-01 4.815010469894582812e+00 1.132504427273132164e-01 7.132563282610473816e-09
7.014028056112224796e-01 1.215584004654178708e-08 1.175754183402744901e-01 4.798539668641274680e+00 1.596303718694639939e-01 1.908473859153663991e-08
7.084168336673346555e-01 6.077403636331079483e-09 8.578494787975324276e-02 4.759343397037990364e+00 2.201985587697888880e-01 4.937647041180050167e-08
7.154308617234469425e-01 3.017935941940122897e-09 6.182905252628456000e-02 4.697301171060213498e+00 2.974649627148703290e-01 1.236160990448832188e-07
7.224448897795591185e-01 1.488874210271087752e-09 4.403080069130548696e-02 4.612129654627418418e+00 3.938019277440320542e-01 2.996899007080467124e-07
7.294589178356714054e-01 7.298889614716444401e-10 3.098852992194834483e-02 4.503542473368425725e+00 5.112561121408609743e-01 7.040854489419479704e-07
7.364729458917835814e-01 3.556303087147384242e-10 2.155884172019197076e-02 4.371432967381622348e+00 6.513524529451495404e-01 1.604140312756563194e-06
7.434869739478957573e-01 1.722559258187712632e-10 1.482964743616241483e-02 4.216057328175397245e+00 8.149095046199769099e-01 3.546698273457357819e-06
7.505010020040080443e-01 8.296054252380545999e-11 1.008832024573269592e-02 4.038195616293836387e+00 1.001886708007725169e+00 7.614933122601425803e-06
7.575150300601202202e-01 3.973542431969066774e-11 6.788778039256893396e-03 3.839270709584094554e+00 1.211282567668078292e+00 1.588755415465448846e-05
7.645290581162325072e-01 1.893085777477694346e-11 4.520133205791431602e-03 3.621410093539355390e+00 1.441098345759449284e+00 3.223150167630651857e-05
7.715430861723446831e-01 8.972948592058589571e-12 2.978514274100136933e-03 3.387442038511304432e+00 1.688375212303442785e+00 6.362305917056610837e-05
7.785571142284569701e-01 4.232258976396337214e-12 1.942846441611404806e-03 3.140825289393839093e+00 1.949304734414166074e+00 1.222733378088893409e-04
7.855711422845691461e-01 1.986478206416664178e-12 1.254782540279392915e-03 2.885518931136928700e+00 2.219404304862231836e+00 2.289284952227503003e-04
7.925851703406813220e-01 9.283639986510414717e-13 8.025825262416759216e-04 2.625805595933609293e+00 2.493741809621814465e+00 4.178126882644861927e-04
7.995991983967936090e-01 4.319602810384046547e-13 5.085120533357927316e-04 2.366085820166087483e+00 2.767188548378942681e+00 7.437642239907386659e-04
8.066132264529057849e-01 2.001166292997535926e-13 3.192280974397441670e-04 2.110663619223568599e+00 3.034676839284690342e+00 1.292155080153605884e-03
8.136272545090180719e-01 9.220813691873822021e-14 1.986031224471020954e-04 1.863543081327452056e+00 3.291439104698901108e+00 2.192145215040073800e-03
8.206412825651302478e-01 4.230846972922456336e-14 1.224761885093999549e-04 1.628253220316683070e+00 3.533208342573669114e+00 3.633665992588775394e-03
8.276553106212425348e-01 1.945117239387116810e-14 7.488452154469508245e-05 1.407714014308595329e+00 3.756365155005021439e+00 5.888214831783566625e-03
8.346693386773547108e-01 8.969944458031728100e-15 4.540461949944690675e-05 1.204151227577122896e+00 3.958023100314999265e+00 9.333052506586841587e-03
8.416833667334668867e-01 4.111498542185999161e-15 2.730655660637511863e-05 1.019062057985846925e+00 4.136051133590694207e+00 1.447772746934376624e-02
8.486973947895791737e-01 1.701124888328315811e-15 1.629230773250630584e-05 8.532285896395885860e-01 4.289038431382970806e+00 2.199104683819735201e-02
8.557114228456913496e-01 6.755993897808473255e-16 9.645736255357084256e-06 7.067720062223257216e-01 4.416212253048364289e+00 3.272575355316087453e-02
8.627254509018036366e-01 3.353505285673229079e-16 5.667768337162068734e-06 5.792378549155988710e-01 4.517323199422802027e+00 4.773737889268858670e-02
8.697394789579158125e-01 0.000000000000000000e+00 3.305963136571093633e-06 4.697014296346533335e-01 4.592514065558552794e+00 6.829317639018875341e-02
8.767535070140280995e-01 0.000000000000000000e+00 1.914594744556733842e-06 3.768824476522487088e-01 4.642188456836093380e+00 9.586687492187678794e-02
8.837675350701402754e-01 0.000000000000000000e+00 1.101110341135326918e-06 2.992593604651592187e-01 4.666893644966179089e+00 1.321153628504036781e-01
8.907815631262525624e-01 0.000000000000000000e+00 6.289854213278012036e-07 2.351755233960290681e-01 4.667229116745281736e+00 1.788344242153318275e-01
8.977955911823647384e-01 0.000000000000000000e+00 3.569317418962918535e-07 1.829316895684741373e-01 4.643788332662368568e+00 2.378922981545541493e-01
9.048096192384769143e-01 0.000000000000000000e+00 2.012529147267113493e-07 1.408615705565791076e-01 4.597136821875102086e+00 3.111420228682816869e-01
9.118236472945892013e-01 0.000000000000000000e+00 1.127684579194624412e-07 1.073892676378209454e-01 4.527825352495823630e+00 4.003160440871257886e-01
9.188376753507013772e-01 0.000000000000000000e+00 6.280527037494275941e-08 8.106906026177518321e-02 4.436432957621883055e+00 5.069091119761858222e-01
9.258517034068136642e-01 0.000000000000000000e+00 3.477287173684768374e-08 6.060926373763748931e-02 4.323631433421964765e+00 6.320577040114260248e-01
9.328657314629258401e-01 0.000000000000000000e+00 1.914223363577983831e-08 4.488263066577760640e-02 4.190260833467040591e+00 7.764257410859455311e-01
9.398797595190381271e-01 0.000000000000000000e+00 1.047906057657042367e-08 3.292611820860434635e-02 4.037404629621465624e+00 9.401069190850923629e-01
9.468937875751503030e-01 0.000000000000000000e+00 5.705561975687997240e-09 2.393285629111872870e-02 3.866453632028242993e+00 1.122553384903978602e+00
9.539078156312625900e-01 0.000000000000000000e+00 3.090210847527022051e-09 1.723892389381850160e-02 3.679149362426557879e+00 1.322538725903902534e+00
9.609218436873747660e-01 0.000000000000000000e+00 1.665164789009680246e-09 1.230716353881616994e-02 3.477600133834685803e+00 1.538160464187529275e+00
9.679358717434869419e-01 0.000000000000000000e+00 8.928329067318727249e-10 8.709817588515416861e-03 3.264266282108290174e+00 1.766883752457750090e+00
9.749498997995992289e-01 0.000000000000000000e+00 4.764204078645291907e-10 6.111316281759033957e-03 3.041914435743753753e+00 2.005624166809013786e+00
9.819639278557114048e-01 0.000000000000000000e+00 2.530342222811362256e-10 4.252129751760148381e-03 2.813544000823422042e+00 2.250863842850708174e+00
9.889779559118236918e-01 0.000000000000000000e+00 1.337818955984365232e-10 2.934240215117068108e-03 2.582291816613234925e+00 2.498792145449550084e+00
9.959919839679358677e-01 0.000000000000000000e+00 7.042133071662955824e-11 2.008507141478429320e-03 2.351322924151074467e+00 2.745459957150713226e+00
1.003006012024048044e+00 0.000000000000000000e+00 3.691106351306935194e-11 1.363987749729550026e-03 2.123716418596627520e+00 2.986935743401125443e+00
1.010020040080160442e+00 0.000000000000000000e+00 1.926699809303685248e-11 9.191307803595976777e-04 1.902355386741523269e+00 3.219451874699392313e+00
1.017034068136272618e+00 0.000000000000000000e+00 1.001674263560053027e-11 6.146724494247976425e-04 1.689829046724117489e+00 3.439531169303758240e+00
1.024048096192384794e+00 0.000000000000000000e+00 5.187379721351017025e-12 4.080177162579368523e-04 1.488353590933970017e+00 3.644086041139510179e+00
1.031062124248496970e+00 0.000000000000000000e+00 2.676321116308897611e-12 2.688757854401885457e-04 1.299716135287854346e+00 3.830485674244012984e+00
1.038076152304609145e+00 0.000000000000000000e+00 1.375745954029595565e-12 1.759258236370979031e-04 1.125243875775555402e+00 3.996589926146576488e+00
1.045090180360721543e+00 0.000000000000000000e+00 7.047217428647695717e-13 1.143088285695109256e-04 9.657983125994056284e-01 4.140751816903741833e+00
1.052104208416833719e+00 0.000000000000000000e+00 3.598364241715979184e-13 7.376807753238608567e-05 8.217924467114684495e-01 4.261793161333909730e+00
1.059118236472945895e+00 0.000000000000000000e+00 1.829789414242871354e-13 4.728909926974410479e-05 6.932273421945325254e-01 4.358959900331623949e+00
1.066132264529058071e+00 0.000000000000000000e+00 9.292593891257307698e-14 3.011771337725335370e-05 5.797434661189887484e-01 4.431864831966024987e+00
1.073146292585170247e+00 0.000000000000000000e+00 4.701855668965933590e-14 1.905964969394270634e-05 4.806817787157873778e-01 4.480425687908381249e+00
1.080160320641282645e+00 0.000000000000000000e+00 2.363873857547461804e-14 1.198677795815638603e-05 3.951496034104978183e-01 4.504805898102105743e+00
1.087174348697394821e+00 0.000000000000000000e+00 1.188066017975647709e-14 7.492838309029203597e-06 3.220867666847691546e-01 4.505364072768414552e+00
1.094188376753506997e+00 0.000000000000000000e+00 5.969277992442316721e-15 4.655940197746201920e-06 2.603282449749248495e-01 4.482616404006821043e+00
1.101202404809619173e+00 0.000000000000000000e+00 3.043025749153240297e-15 2.876374179332733321e-06 2.086604662886608341e-01 4.437214083900873796e+00
1.108216432865731571e+00 0.000000000000000000e+00 1.416981416361076490e-15 1.766929365992523435e-06 1.658693729788560944e-01 4.369935696451933360e+00
1.115230460921843747e+00 0.000000000000000000e+00 7.010042644701209200e-16 1.079410695124643368e-06 1.307792637956480541e-01 4.281692595715654193e+00
1.122244488977955923e+00 0.000000000000000000e+00 3.467740698558131074e-16 6.558505796472365320e-07 1.022822282329322874e-01 4.173543723883149426e+00
1.129258517034068099e+00 0.000000000000000000e+00 1.715309228350880510e-16 3.963964339466553050e-07 7.935862182647282492e-02 4.046715288410748457e+00
1.136272545090180275e+00 0.000000000000000000e+00 1.696830558063825860e-16 2.383505939368292863e-07 6.108949023127146355e-02 3.902620279812468507e+00
1.143286573146292673e+00 0.000000000000000000e+00 0.000000000000000000e+00 1.425996567088613753e-07 4.666213622301036701e-02 3.742872976526118389e+00
1.150300601202404849e+00 0.000000000000000000e+00 0.000000000000000000e+00 8.489646196116382030e-08 3.537015602333939968e-02 3.569294291172725675e+00
1.157314629258517025e+00 0.000000000000000000e+00 0.000000000000000000e+00 5.030159621712140423e-08 2.660927763481929845e-02 3.383904950404542866e+00
1.164328657314629201e+00 0.000000000000000000e+00 0.000000000000000000e+00 2.966513074218517387e-08 1.987024626938752730e-02 3.188904916951511570e+00
1.171342685370741599e+00 0.000000000000000000e+00 0.000000000000000000e+00 1.741539940458416451e-08 1.472985225626592676e-02 2.986638986813169527e+00
1.178356713426853775e+00 0.000000000000000000e+00 0.000000000000000000e+00 1.017870920752840035e-08 1.084101349265252472e-02 2.779549957153791606e+00
1.185370741482965951e+00 0.000000000000000000e+00 0.000000000000000000e+00 5.923421286435056660e-09 7.922630904639958380e-03 2.570122011409471163e+00
1.192384769539078126e+00 0.000000000000000000e+00 0.000000000000000000e+00 3.432581173264972238e-09 5.749749019590193362e-03 2.360817892333637147e+00
1.199398797595190302e+00 0.000000000000000000e+00 0.000000000000000000e+00 1.980997997097784985e-09 4.144386366776700928e-03 2.154013960866613342e+00
1.206412825651302700e+00 0.000000000000000000e+00 0.000000000000000000e+00 1.138697106549199101e-09 2.967258678103217202e-03 1.951937347034579773e+00
1.213426853707414876e+00 0.000000000000000000e+00 0.000000000000000000e+00 6.519862059792266347e-10 2.110504283329438929e-03 1.756609113049451665e+00
1.220440881763527052e+00 0.000000000000000000e+00 0.000000000000000000e+00 3.718936554404206764e-10 1.491435153150398769e-03 1.569796731653174460e+00
1.227454909819639228e+00 0.000000000000000000e+00 0.000000000000000000e+00 2.113453555716822148e-10 1.047276172456557911e-03 1.392978325321741373e+00
1.234468937875751404e+00 0.000000000000000000e+00 0.000000000000000000e+00 1.196748679859423541e-10 7.308157098801532515e-04 1.227320119382780517e+00
1.241482965931863802e+00 0.000000000000000000e+00 0.000000000000000000e+00 6.752915048941300175e-11 5.068682247251254979e-04 1.073667540747055060e+00
1.248496993987975978e+00 0.000000000000000000e+00 0.000000000000000000e+00 3.797501468938211140e-11 3.494404130016219578e-04 9.325494397214287856e-01
1.255511022044088154e+00 0.000000000000000000e+00 0.000000000000000000e+00 2.128450565027074137e-11 2.394925203341017911e-04 8.041941019574299077e-01
1.262525050100200330e+00 0.000000000000000000e+00 0.000000000000000000e+00 1.189132130597588778e-11 1.631927843941087400e-04 6.885551031721220960e-01
1.269539078156312728e+00 0.000000000000000000e+00 0.000000000000000000e+00 6.622585462708340222e-12 1.105729844143196842e-04 5.853446667848908325e-01
1.276553106212424904e+00 0.000000000000000000e+00 0.000000000000000000e+00 3.677064573087591443e-12 7.450485416963995684e-05 4.940720152125003262e-01
1.283567134268537080e+00 0.000000000000000000e+00 0.000000000000000000e+00 2.035552300467903377e-12 4.992929001246195782e-05 4.140842396285140947e-01
1.290581162324649256e+00 0.000000000000000000e+00 0.000000000000000000e+00 1.123622018447838320e-12 3.328194912908065661e-05 3.446074156447331838e-01
1.297595190380761432e+00 0.000000000000000000e+00 0.000000000000000000e+00 6.185660104128118534e-13 2.206944069545771110e-05 2.847860196570788927e-01
1.304609218436873830e+00 0.000000000000000000e+00 0.000000000000000000e+00 3.395387300512767657e-13 1.455959148575170684e-05 2.337191054577560378e-01
1.311623246492986006e+00 0.000000000000000000e+00 0.000000000000000000e+00 1.858730547119700523e-13 9.557136953163626489e-06 1.904921381117429535e-01
1.318637274549098182e+00 0.000000000000000000e+00 0.000000000000000000e+00 1.015326038666360925e-13 6.242693905401545056e-06 1.542038128875425906e-01
1.325651302605210358e+00 0.000000000000000000e+00 0.000000000000000000e+00 5.532386039306135338e-14 4.058131522304436292e-06 1.239875804331189574e-01
1.332665330661322756e+00 0.000000000000000000e+00 0.000000000000000000e+00 3.009512856591412083e-14 2.625630754590204798e-06 9.902793404537697797e-02
1.339679358717434932e+00 0.000000000000000000e+00 0.000000000000000000e+00 1.632254569616008951e-14 1.690976687417994684e-06 7.857177877266735555e-02
1.346693386773547108e+00 0.000000000000000000e+00 0.000000000000000000e+00 8.781364387369876574e-15 1.084127546463401031e-06 6.193539151745875576e-02
1.353707414829659283e+00 0.000000000000000000e+00 0.000000000000000000e+00 4.751543721796452445e-15 6.919961075248857395e-07 4.850759931803163422e-02
1.360721442885771459e+00 0.000000000000000000e+00 0.000000000000000000e+00 2.580553108593169449e-15 4.397932209126787188e-07 3.774985752297026209e-02
1.367735470941883857e+00 0.000000000000000000e+00 0.000000000000000000e+00 1.389846231572435438e-15 2.783270936087515889e-07 2.919391159836468713e-02
1.374749498997996033e+00 0.000000000000000000e+00 0.000000000000000000e+00 6.861394181538402114e-16 1.754140417427503815e-07 2.243768814129780756e-02
1.381763527054108209e+00 0.000000000000000000e+00 0.000000000000000000e+00 4.516241559791006995e-16 1.101068563745299526e-07 1.713999460480762280e-02
1.388777555110220385e+00 0.000000000000000000e+00 0.000000000000000000e+00 2.229378827541085319e-16 6.884051527628344821e-08 1.301452452126881931e-02
1.395791583166332783e+00 0.000000000000000000e+00 0.000000000000000000e+00 1.100452861073322562e-16 4.287376193254743870e-08 9.823575208586806870e-03
1.402805611222444959e+00 0.000000000000000000e+00 0.000000000000000000e+00 1.086350777093827279e-16 2.660076848679744809e-08 7.371795614553867428e-03
1.409819639278557135e+00 0.000000000000000000e+00 0.000000000000000000e+00 0.000000000000000000e+00 1.644328809507949752e-08 5.500198593680937290e-03
1.416833667334669311e+00 0.000000000000000000e+00 0.000000000000000000e+00 0.000000000000000000e+00 1.012770911572597367e-08 4.080598089194023212e-03
1.423847695390781487e+00 0.000000000000000000e+00 0.000000000000000000e+00 0.000000000000000000e+00 6.215805604655086394e-09 3.010569324092205162e-03
1.430861723446893885e+00 0.000000000000000000e+00 0.000000000000000000e+00 0.000000000000000000e+00 3.801739006344964407e-09 2.208979773723028592e-03
1.437875751503006061e+00 0.000000000000000000e+00 0.000000000000000000e+00 0.000000000000000000e+00 2.317396056585704598e-09 1.612099997083700845e-03
1.444889779559118237e+00 0.000000000000000000e+00 0.000000000000000000e+00 0.000000000000000000e+00 1.407943300897075738e-09 1.170275280134287213e-03
1.451903807615230413e+00 0.000000000000000000e+00 0.000000000000000000e+00 0.000000000000000000e+00 8.526490493589705470e-10 8.451200417556175041e-04
1.458917835671342811e+00 0.000000000000000000e+00 0.000000000000000000e+00 0.000000000000000000e+00 5.147405975645554984e-10 6.071854598804965258e-04
1.465931863727454987e+00 0.000000000000000000e+00 0.000000000000000000e+00 0.000000000000000000e+00 3.097930307208742311e-10 4.340451851858277005e-04
1.472945891783567163e+00 0.000000000000000000e+00 0.000000000000000000e+00 0.000000000000000000e+00 1.858881047982220612e-10 3.087428344792431177e-04
1.479959919839679339e+00 0.000000000000000000e+00 0.000000000000000000e+00 0.000000000000000000e+00 1.112139566685035433e-10 2.185468938125247984e-04
1.486973947895791515e+00 0.000000000000000000e+00 0.000000000000000000e+00 0.000000000000000000e+00 6.634766702337234974e-11 1.539626283461635939e-04
1.493987975951903913e+00 0.000000000000000000e+00 0.000000000000000000e+00 0.000000000000000000e+00 3.947125437024741921e-11 1.079557301473521987e-04
1.501002004008016089e+00 0.000000000000000000e+00 0.000000000000000000e+00 0.000000000000000000e+00 2.341822212447159513e-11 7.534808268173027502e-05
1.508016032064128265e+00 0.000000000000000000e+00 0.000000000000000000e+00 0.000000000000000000e+00 1.385709152018047896e-11 5.235171149026352264e-05
1.515030060120240440e+00 0.000000000000000000e+00 0.000000000000000000e+00 0.000000000000000000e+00 8.178381793164962132e-12 3.621240754011609324e-05
1.522044088176352616e+00 0.000000000000000000e+00 0.000000000000000000e+00 0.000000000000000000e+00 4.814712561612020052e-12 2.493945862847985189e-05
1.529058116232465014e+00 0.000000000000000000e+00 0.000000000000000000e+00 0.000000000000000000e+00 2.827430621446518277e-12 1.710230394781933302e-05
1.536072144288577190e+00 0.000000000000000000e+00 0.000000000000000000e+00 0.000000000000000000e+00 1.656513546942163698e-12 1.167870410928080928e-05
1.543086172344689366e+00 0.000000000000000000e+00 0.000000000000000000e+00 0.000000000000000000e+00 9.681908088298442545e-13 7.942206428213045705e-06
1.550100200400801542e+00 0.000000000000000000e+00 0.000000000000000000e+00 0.000000000000000000e+00 5.646464838412763635e-13 5.379325102374747812e-06
1.557114228456913940e+00 0.000000000000000000e+00 0.000000000000000000e+00 0.000000000000000000e+00 3.284886153095139054e-13 3.629006286643795904e-06
1.564128256513026116e+00 0.000000000000000000e+00 0.000000000000000000e+00 0.000000000000000000e+00 1.907278911975921059e-13 2.438673912233118146e-06
1.571142284569138292e+00 0.000000000000000000e+00 0.000000000000000000e+00 0.000000000000000000e+00 1.105545100031127713e-13 1.632518740377390492e-06
1.578156312625250468e+00 0.000000000000000000e+00 0.000000000000000000e+00 0.000000000000000000e+00 6.389408374647498886e-14 1.088762034681795649e-06
1.585170340681362644e+00 0.000000000000000000e+00 0.000000000000000000e+00 0.000000000000000000e+00 3.690114113043932030e-14 7.234517994966820123e-07
1.592184368737475042e+00 0.000000000000000000e+00 0.000000000000000000e+00 0.000000000000000000e+00 2.128028827229649916e-14 4.789819347421762962e-07
1.599198396793587218e+00 0.000000000000000000e+00 0.000000000000000000e+00 0.000000000000000000e+00 1.216803788465011100e-14 3.160037225169412689e-07
1.606212424849699394e+00 0.000000000000000000e+00 0.000000000000000000e+00 0.000000000000000000e+00 7.042928714754932940e-15 2.077585949834499169e-07
1.613226452905811570e+00 0.000000000000000000e+00 0.000000000000000000e+00 0.000000000000000000e+00 4.029757964348078052e-15 1.361285806394007396e-07
1.620240480961923968e+00 0.000000000000000000e+00 0.000000000000000000e+00 0.000000000000000000e+00 2.282673801506094995e-15 8.889810522707946479e-08
1.627254509018036144e+00 0.000000000000000000e+00 0.000000000000000000e+00 0.000000000000000000e+00 1.333783511152364569e-15 5.786520532988052644e-08
1.634268537074148320e+00 0.000000000000000000e+00 0.000000000000000000e+00 0.000000000000000000e+00 7.397407715074158892e-16 3.754506105188437382e-08
1.641282565130260496e+00 0.000000000000000000e+00 0.000000000000000000e+00 0.000000000000000000e+00 4.051961181392180996e-16 2.428435400105169525e-08
1.648296593186372672e+00 0.000000000000000000e+00 0.000000000000000000e+00 0.000000000000000000e+00 2.396963478917290446e-16 1.565908588992819994e-08
1.655310621242485070e+00 0.000000000000000000e+00 0.000000000000000000e+00 0.000000000000000000e+00 1.575439888172351955e-16 1.006699022837467921e-08
1.662324649298597246e+00 0.000000000000000000e+00 0.000000000000000000e+00 0.000000000000000000e+00 7.765875625434119113e-17 6.452873659825368977e-09
1.669338677354709422e+00 0.000000000000000000e+00 0.000000000000000000e+00 0.000000000000000000e+00 7.655896447977678371e-17 4.124329958116347817e-09
1.676352705410821597e+00 0.000000000000000000e+00 0.000000000000000000e+00 0.000000000000000000e+00 0.000000000000000000e+00 2.628612027250183461e-09
1.683366733466933773e+00 0.000000000000000000e+00 0.000000000000000000e+00 0.000000000000000000e+00 0.000000000000000000e+00 1.670698398058742281e-09
1.690380761523046171e+00 0.000000000000000000e+00 0.000000000000000000e+00 0.000000000000000000e+00 0.000000000000000000e+00 1.058993861585005553e-09
1.697394789579158347e+00 0.000000000000000000e+00 0.000000000000000000e+00 0.000000000000000000e+00 0.000000000000000000e+00 6.694798532224365541e-10
1.704408817635270523e+00 0.000000000000000000e+00 0.000000000000000000e+00 0.000000000000000000e+00 0.000000000000000000e+00 4.221383713193929674e-10
1.711422845691382699e+00 0.000000000000000000e+00 0.000000000000000000e+00 0.000000000000000000e+00 0.000000000000000000e+00 2.655030684045881526e-10
1.718436873747495097e+00 0.000000000000000000e+00 0.000000000000000000e+00 0.000000000000000000e+00 0.000000000000000000e+00 1.665733714102043592e-10
1.725450901803607273e+00 0.000000000000000000e+00 0.000000000000000000e+00 0.000000000000000000e+00 0.000000000000000000e+00 1.042523532377152386e-10
1.732464929859719449e+00 0.000000000000000000e+00 0.000000000000000000e+00 0.000000000000000000e+00 0.000000000000000000e+00 6.509295714984238424e-11
1.739478957915831625e+00 0.000000000000000000e+00 0.000000000000000000e+00 0.000000000000000000e+00 0.000000000000000000e+00 4.054831777798917281e-11
1.746492985971943801e+00 0.000000000000000000e+00 0.000000000000000000e+00 0.000000000000000000e+00 0.000000000000000000e+00 2.520136867652922766e-11
1.753507014028056199e+00 0.000000000000000000e+00 0.000000000000000000e+00 0.000000000000000000e+00 0.000000000000000000e+00 1.562822869505636193e-11
1.760521042084168375e+00 0.000000000000000000e+00 0.000000000000000000e+00 0.000000000000000000e+00 0.000000000000000000e+00 9.670597020535774402e-12
1.767535070140280551e+00 0.000000000000000000e+00 0.000000000000000000e+00 0.000000000000000000e+00 0.000000000000000000e+00 5.971381967164923707e-12
1.774549098196392727e+00 0.000000000000000000e+00 0.000000000000000000e+00 0.000000000000000000e+00 0.000000000000000000e+00 3.679506240129960364e-12
1.781563126252505125e+00 0.000000000000000000e+00 0.000000000000000000e+00 0.000000000000000000e+00 0.000000000000000000e+00 2.262709450175133527e-12
1.788577154308617301e+00 0.000000000000000000e+00 0.000000000000000000e+00 0.000000000000000000e+00 0.000000000000000000e+00 1.388676282575052232e-12
1.795591182364729477e+00 0.000000000000000000e+00 0.000000000000000000e+00 0.000000000000000000e+00 0.000000000000000000e+00 8.506728120729151560e-13
1.802605210420841653e+00 0.000000000000000000e+00 0.000000000000000000e+00 0.000000000000000000e+00 0.000000000000000000e+00 5.200974097765915367e-13
1.809619238476953829e+00 0.000000000000000000e+00 0.000000000000000000e+00 0.000000000000000000e+00 0.000000000000000000e+00 3.173565995646667475e-13
1.816633266533066227e+00 0.000000000000000000e+00 0.000000000000000000e+00 0.000000000000000000e+00 0.000000000000000000e+00 1.933223453654935491e-13
1.823647294589178403e+00 0.000000000000000000e+00 0.000000000000000000e+00 0.000000000000000000e+00 0.000000000000000000e+00 1.175295312610007217e-13
1.830661322645290578e+00 0.000000000000000000e+00 0.000000000000000000e+00 0.000000000000000000e+00 0.000000000000000000e+00 7.136690057428631438e-14
1.837675350701402754e+00 0.000000000000000000e+00 0.000000000000000000e+00 0.000000000000000000e+00 0.000000000000000000e+00 4.327910816660037004e-14
1.844689378757515152e+00 0.000000000000000000e+00 0.000000000000000000e+00 0.000000000000000000e+00 0.000000000000000000e+00 2.614841274655066578e-14
1.851703406813627328e+00 0.000000000000000000e+00 0.000000000000000000e+00 0.000000000000000000e+00 0.000000000000000000e+00 1.583682117077095517e-14
1.858717434869739504e+00 0.000000000000000000e+00 0.000000000000000000e+00 0.000000000000000000e+00 0.000000000000000000e+00 9.508153148566664898e-15
1.865731462925851680e+00 0.000000000000000000e+00 0.000000000000000000e+00 0.000000000000000000e+00 0.000000000000000000e+00 5.738688558812845231e-15
1.872745490981963856e+00 0.000000000000000000e+00 0.000000000000000000e+00 0.000000000000000000e+00 0.000000000000000000e+00 3.443854413451167986e-15
1.879759519038076254e+00 0.000000000000000000e+00 0.000000000000000000e+00 0.000000000000000000e+00 0.000000000000000000e+00 2.048256856205057264e-15
1.886773547094188430e+00 0.000000000000000000e+00 0.000000000000000000e+00 0.000000000000000000e+00 0.000000000000000000e+00 1.261014428401329145e-15
1.893787575150300606e+00 0.000000000000000000e+00 0.000000000000000000e+00 0.000000000000000000e+00 0.000000000000000000e+00 7.452759463576134400e-16
1.900801603206412782e+00 0.000000000000000000e+00 0.000000000000000000e+00 0.000000000000000000e+00 0.000000000000000000e+00 4.282229655807643714e-16
1.907815631262525180e+00 0.000000000000000000e+00 0.000000000000000000e+00 0.000000000000000000e+00 0.000000000000000000e+00 2.410228952726672487e-16
1.914829659318637356e+00 0.000000000000000000e+00 0.000000000000000000e+00 0.000000000000000000e+00 0.000000000000000000e+00 1.780477011548537347e-16
1.921843687374749532e+00 0.000000000000000000e+00 0.000000000000000000e+00 0.000000000000000000e+00 0.000000000000000000e+00 1.169102024532596941e-16
1.928857715430861708e+00 0.000000000000000000e+00 0.000000000000000000e+00 0.000000000000000000e+00 0.000000000000000000e+00 5.757318917624866120e-17
1.935871743486973884e+00 0.000000000000000000e+00 0.000000000000000000e+00 0.000000000000000000e+00 0.000000000000000000e+00 5.670336109908362482e-17
1.942885771543086282e+00 0.000000000000000000e+00 0.000000000000000000e+00 0.000000000000000000e+00 0.000000000000000000e+00 0.000000000000000000e+00
1.949899799599198458e+00 0.000000000000000000e+00 0.000000000000000000e+00 0.000000000000000000e+00 0.000000000000000000e+00 0.000000000000000000e+00
1.956913827655310634e+00 0.000000000000000000e+00 0.000000000000000000e+00 0.000000000000000000e+00 0.000000000000000000e+00 0.000000000000000000e+00
1.963927855711422810e+00 0.000000000000000000e+00 0.000000000000000000e+00 0.000000000000000000e+00 0.000000000000000000e+00 0.000000000000000000e+00
1.970941883767534986e+00 0.000000000000000000e+00 0.000000000000000000e+00 0.000000000000000000e+00 0.000000000000000000e+00 0.000000000000000000e+00
1.977955911823647384e+00 0.000000000000000000e+00 0.000000000000000000e+00 0.000000000000000000e+00 0.000000000000000000e+00 0.000000000000000000e+00
1.984969939879759560e+00 0.000000000000000000e+00 0.000000000000000000e+00 0.000000000000000000e+00 0.000000000000000000e+00 0.000000000000000000e+00
1.991983967935871735e+00 0.000000000000000000e+00 0.000000000000000000e+00 0.000000000000000000e+00 0.000000000000000000e+00 0.000000000000000000e+00
1.998997995991983911e+00 0.000000000000000000e+00 0.000000000000000000e+00 0.000000000000000000e+00 0.000000000000000000e+00 0.000000000000000000e+00
2.006012024048096087e+00 0.000000000000000000e+00 0.000000000000000000e+00 0.000000000000000000e+00 0.000000000000000000e+00 0.000000000000000000e+00
2.013026052104208485e+00 0.000000000000000000e+00 0.000000000000000000e+00 0.000000000000000000e+00 0.000000000000000000e+00 0.000000000000000000e+00
2.020040080160320883e+00 0.000000000000000000e+00 0.000000000000000000e+00 0.000000000000000000e+00 0.000000000000000000e+00 0.000000000000000000e+00
2.027054108216432837e+00 0.000000000000000000e+00 0.000000000000000000e+00 0.000000000000000000e+00 0.000000000000000000e+00 0.000000000000000000e+00
2.034068136272545235e+00 0.000000000000000000e+00 0.000000000000000000e+00 0.000000000000000000e+00 0.000000000000000000e+00 0.000000000000000000e+00
2.041082164328657189e+00 0.000000000000000000e+00 0.000000000000000000e+00 0.000000000000000000e+00 0.000000000000000000e+00 0.000000000000000000e+00
2.048096192384769587e+00 0.000000000000000000e+00 0.000000000000000000e+00 0.000000000000000000e+00 0.000000000000000000e+00 0.000000000000000000e+00
2.055110220440881985e+00 0.000000000000000000e+00 0.000000000000000000e+00 0.000000000000000000e+00 0.000000000000000000e+00 0.000000000000000000e+00
2.062124248496993939e+00 0.000000000000000000e+00 0.000000000000000000e+00 0.000000000000000000e+00 0.000000000000000000e+00 0.000000000000000000e+00
2.069138276553106337e+00 0.000000000000000000e+00 0.000000000000000000e+00 0.000000000000000000e+00 0.000000000000000000e+00 0.000000000000000000e+00
2.076152304609218291e+00 0.000000000000000000e+00 0.000000000000000000e+00 0.000000000000000000e+00 0.000000000000000000e+00 0.000000000000000000e+00
2.083166332665330689e+00 0.000000000000000000e+00 0.000000000000000000e+00 0.000000000000000000e+00 0.000000000000000000e+00 0.000000000000000000e+00
2.090180360721443087e+00 0.000000000000000000e+00 0.000000000000000000e+00 0.000000000000000000e+00 0.000000000000000000e+00 0.000000000000000000e+00
2.097194388777555041e+00 0.000000000000000000e+00 0.000000000000000000e+00 0.000000000000000000e+00 0.000000000000000000e+00 0.000000000000000000e+00
2.104208416833667439e+00 0.000000000000000000e+00 0.000000000000000000e+00 0.000000000000000000e+00 0.000000000000000000e+00 0.000000000000000000e+00
2.111222444889779393e+00 0.000000000000000000e+00 0.000000000000000000e+00 0.000000000000000000e+00 0.000000000000000000e+00 0.000000000000000000e+00
2.118236472945891791e+00 0.000000000000000000e+00 0.000000000000000000e+00 0.000000000000000000e+00 0.000000000000000000e+00 0.000000000000000000e+00
2.125250501002004189e+00 0.000000000000000000e+00 0.000000000000000000e+00 0.000000000000000000e+00 0.000000000000000000e+00 0.000000000000000000e+00
2.132264529058116143e+00 0.000000000000000000e+00 0.000000000000000000e+00 0.000000000000000000e+00 0.000000000000000000e+00 0.000000000000000000e+00
2.139278557114228541e+00 0.000000000000000000e+00 0.000000000000000000e+00 0.000000000000000000e+00 0.000000000000000000e+00 0.000000000000000000e+00
2.146292585170340494e+00 0.000000000000000000e+00 0.000000000000000000e+00 0.000000000000000000e+00 0.000000000000000000e+00 0.000000000000000000e+00
2.153306613226452892e+00 0.000000000000000000e+00 0.000000000000000000e+00 0.000000000000000000e+00 0.000000000000000000e+00 0.000000000000000000e+00
2.160320641282565290e+00 0.000000000000000000e+00 0.000000000000000000e+00 0.000000000000000000e+00 0.000000000000000000e+00 0.000000000000000000e+00
2.167334669338677244e+00 0.000000000000000000e+00 0.000000000000000000e+00 0.000000000000000000e+00 0.000000000000000000e+00 0.000000000000000000e+00
2.174348697394789642e+00 0.000000000000000000e+00 0.000000000000000000e+00 0.000000000000000000e+00 0.000000000000000000e+00 0.000000000000000000e+00
2.181362725450902040e+00 0.000000000000000000e+00 0.000000000000000000e+00 0.000000000000000000e+00 0.000000000000000000e+00 0.000000000000000000e+00
2.188376753507013994e+00 0.000000000000000000e+00 0.000000000000000000e+00 0.000000000000000000e+00 0.000000000000000000e+00 0.000000000000000000e+00
2.195390781563126392e+00 0.000000000000000000e+00 0.000000000000000000e+00 0.000000000000000000e+00 0.000000000000000000e+00 0.000000000000000000e+00
2.202404809619238346e+00 0.000000000000000000e+00 0.000000000000000000e+00 0.000000000000000000e+00 0.000000000000000000e+00 0.000000000000000000e+00
2.209418837675350744e+00 0.000000000000000000e+00 0.000000000000000000e+00 0.000000000000000000e+00 0.000000000000000000e+00 0.000000000000000000e+00
2.216432865731463142e+00 0.000000000000000000e+00 0.000000000000000000e+00 0.000000000000000000e+00 0.000000000000000000e+00 0.000000000000000000e+00
2.223446893787575096e+00 0.000000000000000000e+00 0.000000000000000000e+00 0.000000000000000000e+00 0.000000000000000000e+00 0.000000000000000000e+00
2.230460921843687494e+00 0.000000000000000000e+00 0.000000000000000000e+00 0.000000000000000000e+00 0.000000000000000000e+00 0.000000000000000000e+00
2.237474949899799448e+00 0.000000000000000000e+00 0.000000000000000000e+00 0.000000000000000000e+00 0.000000000000000000e+00 0.000000000000000000e+00
2.244488977955911846e+00 0.000000000000000000e+00 0.000000000000000000e+00 0.000000000000000000e+00 0.000000000000000000e+00 0.000000000000000000e+00
2.251503006012024244e+00 0.000000000000000000e+00 0.000000000000000000e+00 0.000000000000000000e+00 0.000000000000000000e+00 0.000000000000000000e+00
2.258517034068136198e+00 0.000000000000000000e+00 0.000000000000000000e+00 0.000000000000000000e+00 0.000000000000000000e+00 0.000000000000000000e+00
2.265531062124248596e+00 0.000000000000000000e+00 0.000000000000000000e+00 0.000000000000000000e+00 0.000000000000000000e+00 0.000000000000000000e+00
2.272545090180360550e+00 0.000000000000000000e+00 0.000000000000000000e+00 0.000000000000000000e+00 0.000000000000000000e+00 0.000000000000000000e+00
2.279559118236472948e+00 0.000000000000000000e+00 0.000000000000000000e+00 0.000000000000000000e+00 0.000000000000000000e+00 0.000000000000000000e+00
2.286573146292585346e+00 0.000000000000000000e+00 0.000000000000000000e+00 0.000000000000000000e+00 0.000000000000000000e+00 0.000000000000000000e+00
2.293587174348697300e+00 0.000000000000000000e+00 0.000000000000000000e+00 0.000000000000000000e+00 0.000000000000000000e+00 0.000000000000000000e+00
2.300601202404809698e+00 0.000000000000000000e+00 0.000000000000000000e+00 0.000000000000000000e+00 0.000000000000000000e+00 0.000000000000000000e+00
2.307615230460921651e+00 0.000000000000000000e+00 0.000000000000000000e+00 0.000000000000000000e+00 0.000000000000000000e+00 0.000000000000000000e+00
2.314629258517034049e+00 0.000000000000000000e+00 0.000000000000000000e+00 0.000000000000000000e+00 0.000000000000000000e+00 0.000000000000000000e+00
2.321643286573146447e+00 0.000000000000000000e+00 0.000000000000000000e+00 0.000000000000000000e+00 0.000000000000000000e+00 0.000000000000000000e+00
2.328657314629258401e+00 0.000000000000000000e+00 0.000000000000000000e+00 0.000000000000000000e+00 0.000000000000000000e+00 0.000000000000000000e+00
2.335671342685370799e+00 0.000000000000000000e+00 0.000000000000000000e+00 0.000000000000000000e+00 0.000000000000000000e+00 0.000000000000000000e+00
2.342685370741483197e+00 0.000000000000000000e+00 0.000000000000000000e+00 0.000000000000000000e+00 0.000000000000000000e+00 0.000000000000000000e+00
2.349699398797595151e+00 0.000000000000000000e+00 0.000000000000000000e+00 0.000000000000000000e+00 0.000000000000000000e+00 0.000000000000000000e+00
2.356713426853707549e+00 0.000000000000000000e+00 0.000000000000000000e+00 0.000000000000000000e+00 0.000000000000000000e+00 0.000000000000000000e+00
2.363727454909819503e+00 0.000000000000000000e+00 0.000000000000000000e+00 0.000000000000000000e+00 0.000000000000000000e+00 0.000000000000000000e+00
2.370741482965931901e+00 0.000000000000000000e+00 0.000000000000000000e+00 0.000000000000000000e+00 0.000000000000000000e+00 0.000000000000000000e+00
2.377755511022044299e+00 0.000000000000000000e+00 0.000000000000000000e+00 0.000000000000000000e+00 0.000000000000000000e+00 0.000000000000000000e+00
2.384769539078156253e+00 0.000000000000000000e+00 0.000000000000000000e+00 0.000000000000000000e+00 0.000000000000000000e+00 0.000000000000000000e+00
2.391783567134268651e+00 0.000000000000000000e+00 0.000000000000000000e+00 0.000000000000000000e+00 0.000000000000000000e+00 0.000000000000000000e+00
2.398797595190380605e+00 0.000000000000000000e+00 0.000000000000000000e+00 0.000000000000000000e+00 0.000000000000000000e+00 0.000000000000000000e+00
2.405811623246493003e+00 0.000000000000000000e+00 0.000000000000000000e+00 0.000000000000000000e+00 0.000000000000000000e+00 0.000000000000000000e+00
2.412825651302605401e+00 0.000000000000000000e+00 0.000000000000000000e+00 0.000000000000000000e+00 0.000000000000000000e+00 0.000000000000000000e+00
2.419839679358717355e+00 0.000000000000000000e+00 0.000000000000000000e+00 0.000000000000000000e+00 0.000000000000000000e+00 0.000000000000000000e+00
2.426853707414829753e+00 0.000000000000000000e+00 0.000000000000000000e+00 0.000000000000000000e+00 0.000000000000000000e+00 0.000000000000000000e+00
2.433867735470941707e+00 0.000000000000000000e+00 0.000000000000000000e+00 0.000000000000000000e+00 0.000000000000000000e+00 0.000000000000000000e+00
2.440881763527054105e+00 0.000000000000000000e+00 0.000000000000000000e+00 0.000000000000000000e+00 0.000000000000000000e+00 0.000000000000000000e+00
2.447895791583166503e+00 0.000000000000000000e+00 0.000000000000000000e+00 0.000000000000000000e+00 0.000000000000000000e+00 0.000000000000000000e+00
2.454909819639278457e+00 0.000000000000000000e+00 0.000000000000000000e+00 0.000000000000000000e+00 0.000000000000000000e+00 0.000000000000000000e+00
2.461923847695390855e+00 0.000000000000000000e+00 0.000000000000000000e+00 0.000000000000000000e+00 0.000000000000000000e+00 0.000000000000000000e+00
2.468937875751502808e+00 0.000000000000000000e+00 0.000000000000000000e+00 0.000000000000000000e+00 0.000000000000000000e+00 0.000000000000000000e+00
2.475951903807615206e+00 0.000000000000000000e+00 0.000000000000000000e+00 0.000000000000000000e+00 0.000000000000000000e+00 0.000000000000000000e+00
2.482965931863727604e+00 0.000000000000000000e+00 0.000000000000000000e+00 0.000000000000000000e+00 0.000000000000000000e+00 0.000000000000000000e+00
2.489979959919839558e+00 0.000000000000000000e+00 0.000000000000000000e+00 0.000000000000000000e+00 0.000000000000000000e+00 0.000000000000000000e+00
2.496993987975951956e+00 0.000000000000000000e+00 0.000000000000000000e+00 0.000000000000000000e+00 0.000000000000000000e+00 0.000000000000000000e+00
2.504008016032064354e+00 0.000000000000000000e+00 0.000000000000000000e+00 0.000000000000000000e+00 0.000000000000000000e+00 0.000000000000000000e+00
2.511022044088176308e+00 0.000000000000000000e+00 0.000000000000000000e+00 0.000000000000000000e+00 0.000000000000000000e+00 0.000000000000000000e+00
2.518036072144288706e+00 0.000000000000000000e+00 0.000000000000000000e+00 0.000000000000000000e+00 0.000000000000000000e+00 0.000000000000000000e+00
2.525050100200400660e+00 0.000000000000000000e+00 0.000000000000000000e+00 0.000000000000000000e+00 0.000000000000000000e+00 0.000000000000000000e+00
2.532064128256513058e+00 0.000000000000000000e+00 0.000000000000000000e+00 0.000000000000000000e+00 0.000000000000000000e+00 0.000000000000000000e+00
2.539078156312625456e+00 0.000000000000000000e+00 0.000000000000000000e+00 0.000000000000000000e+00 0.000000000000000000e+00 0.000000000000000000e+00
2.546092184368737410e+00 0.000000000000000000e+00 0.000000000000000000e+00 0.000000000000000000e+00 0.000000000000000000e+00 0.000000000000000000e+00
2.553106212424849808e+00 0.000000000000000000e+00 0.000000000000000000e+00 0.000000000000000000e+00 0.000000000000000000e+00 0.000000000000000000e+00
2.560120240480961762e+00 0.000000000000000000e+00 0.000000000000000000e+00 0.000000000000000000e+00 0.000000000000000000e+00 0.000000000000000000e+00
2.567134268537074160e+00 0.000000000000000000e+00 0.000000000000000000e+00 0.000000000000000000e+00 0.000000000000000000e+00 0.000000000000000000e+00
2.574148296593186558e+00 0.000000000000000000e+00 0.000000000000000000e+00 0.000000000000000000e+00 0.000000000000000000e+00 0.000000000000000000e+00
2.581162324649298512e+00 0.000000000000000000e+00 0.000000000000000000e+00 0.000000000000000000e+00 0.000000000000000000e+00 0.000000000000000000e+00
2.588176352705410910e+00 0.000000000000000000e+00 0.000000000000000000e+00 0.000000000000000000e+00 0.000000000000000000e+00 0.000000000000000000e+00
2.595190380761522864e+00 0.000000000000000000e+00 0.000000000000000000e+00 0.000000000000000000e+00 0.000000000000000000e+00 0.000000000000000000e+00
2.602204408817635262e+00 0.000000000000000000e+00 0.000000000000000000e+00 0.000000000000000000e+00 0.000000000000000000e+00 0.000000000000000000e+00
2.609218436873747660e+00 0.000000000000000000e+00 0.000000000000000000e+00 0.000000000000000000e+00 0.000000000000000000e+00 0.000000000000000000e+00
2.616232464929859614e+00 0.000000000000000000e+00 0.000000000000000000e+00 0.000000000000000000e+00 0.000000000000000000e+00 0.000000000000000000e+00
2.623246492985972012e+00 0.000000000000000000e+00 0.000000000000000000e+00 0.000000000000000000e+00 0.000000000000000000e+00 0.000000000000000000e+00
2.630260521042084410e+00 0.000000000000000000e+00 0.000000000000000000e+00 0.000000000000000000e+00 0.000000000000000000e+00 0.000000000000000000e+00
2.637274549098196363e+00 0.000000000000000000e+00 0.000000000000000000e+00 0.000000000000000000e+00 0.000000000000000000e+00 0.000000000000000000e+00
2.644288577154308761e+00 0.000000000000000000e+00 0.000000000000000000e+00 0.000000000000000000e+00 0.000000000000000000e+00 0.000000000000000000e+00
2.651302605210420715e+00 0.000000000000000000e+00 0.000000000000000000e+00 0.000000000000000000e+00 0.000000000000000000e+00 0.000000000000000000e+00
2.658316633266533113e+00 0.000000000000000000e+00 0.000000000000000000e+00 0.000000000000000000e+00 0.000000000000000000e+00 0.000000000000000000e+00
2.665330661322645511e+00 0.000000000000000000e+00 0.000000000000000000e+00 0.000000000000000000e+00 0.000000000000000000e+00 0.000000000000000000e+00
2.672344689378757465e+00 0.000000000000000000e+00 0.000000000000000000e+00 0.000000000000000000e+00 0.000000000000000000e+00 0.000000000000000000e+00
2.679358717434869863e+00 0.000000000000000000e+00 0.000000000000000000e+00 0.000000000000000000e+00 0.000000000000000000e+00 0.000000000000000000e+00
2.686372745490981817e+00 0.000000000000000000e+00 0.000000000000000000e+00 0.000000000000000000e+00 0.000000000000000000e+00 0.000000000000000000e+00
2.693386773547094215e+00 0.000000000000000000e+00 0.000000000000000000e+00 0.000000000000000000e+00 0.000000000000000000e+00 0.000000000000000000e+00
2.700400801603206613e+00 0.000000000000000000e+00 0.000000000000000000e+00 0.000000000000000000e+00 0.000000000000000000e+00 0.000000000000000000e+00
2.707414829659318567e+00 0.000000000000000000e+00 0.000000000000000000e+00 0.000000000000000000e+00 0.000000000000000000e+00 0.000000000000000000e+00
2.714428857715430965e+00 0.000000000000000000e+00 0.000000000000000000e+00 0.000000000000000000e+00 0.000000000000000000e+00 0.000000000000000000e+00
2.721442885771542919e+00 0.000000000000000000e+00 0.000000000000000000e+00 0.000000000000000000e+00 0.000000000000000000e+00 0.000000000000000000e+00
2.728456913827655317e+00 0.000000000000000000e+00 0.000000000000000000e+00 0.000000000000000000e+00 0.000000000000000000e+00 0.000000000000000000e+00
2.735470941883767715e+00 0.000000000000000000e+00 0.000000000000000000e+00 0.000000000000000000e+00 0.000000000000000000e+00 0.000000000000000000e+00
2.742484969939879669e+00 0.000000000000000000e+00 0.000000000000000000e+00 0.000000000000000000e+00 0.000000000000000000e+00 0.000000000000000000e+00
2.749498997995992067e+00 0.000000000000000000e+00 0.000000000000000000e+00 0.000000000000000000e+00 0.000000000000000000e+00 0.000000000000000000e+00
2.756513026052104021e+00 0.000000000000000000e+00 0.000000000000000000e+00 0.000000000000000000e+00 0.000000000000000000e+00 0.000000000000000000e+00
2.763527054108216419e+00 0.000000000000000000e+00 0.000000000000000000e+00 0.000000000000000000e+00 0.000000000000000000e+00 0.000000000000000000e+00
2.770541082164328817e+00 0.000000000000000000e+00 0.000000000000000000e+00 0.000000000000000000e+00 0.000000000000000000e+00 0.000000000000000000e+00
2.777555110220440771e+00 0.000000000000000000e+00 0.000000000000000000e+00 0.000000000000000000e+00 0.000000000000000000e+00 0.000000000000000000e+00
2.784569138276553169e+00 0.000000000000000000e+00 0.000000000000000000e+00 0.000000000000000000e+00 0.000000000000000000e+00 0.000000000000000000e+00
2.791583166332665567e+00 0.000000000000000000e+00 0.000000000000000000e+00 0.000000000000000000e+00 0.000000000000000000e+00 0.000000000000000000e+00
2.798597194388777520e+00 0.000000000000000000e+00 0.000000000000000000e+00 0.000000000000000000e+00 0.000000000000000000e+00 0.000000000000000000e+00
2.805611222444889918e+00 0.000000000000000000e+00 0.000000000000000000e+00 0.000000000000000000e+00 0.000000000000000000e+00 0.000000000000000000e+00
2.812625250501001872e+00 0.000000000000000000e+00 0.000000000000000000e+00 0.000000000000000000e+00 0.000000000000000000e+00 0.000000000000000000e+00
2.819639278557114270e+00 0.000000000000000000e+00 0.000000000000000000e+00 0.000000000000000000e+00 0.000000000000000000e+00 0.000000000000000000e+00
2.826653306613226668e+00 0.000000000000000000e+00 0.000000000000000000e+00 0.000000000000000000e+00 0.000000000000000000e+00 0.000000000000000000e+00
2.833667334669338622e+00 0.000000000000000000e+00 0.000000000000000000e+00 0.000000000000000000e+00 0.000000000000000000e+00 0.000000000000000000e+00
2.840681362725451020e+00 0.000000000000000000e+00 0.000000000000000000e+00 0.000000000000000000e+00 0.000000000000000000e+00 0.000000000000000000e+00
2.847695390781562974e+00 0.000000000000000000e+00 0.000000000000000000e+00 0.000000000000000000e+00 0.000000000000000000e+00 0.000000000000000000e+00
2.854709418837675372e+00 0.000000000000000000e+00 0.000000000000000000e+00 0.000000000000000000e+00 0.000000000000000000e+00 0.000000000000000000e+00
2.861723446893787770e+00 0.000000000000000000e+00 0.000000000000000000e+00 0.000000000000000000e+00 0.000000000000000000e+00 0.000000000000000000e+00
2.868737474949899724e+00 0.000000000000000000e+00 0.000000000000000000e+00 0.000000000000000000e+00 0.000000000000000000e+00 0.000000000000000000e+00
2.875751503006012122e+00 0.000000000000000000e+00 0.000000000000000000e+00 0.000000000000000000e+00 0.000000000000000000e+00 0.000000000000000000e+00
2.882765531062124076e+00 0.000000000000000000e+00 0.000000000000000000e+00 0.000000000000000000e+00 0.000000000000000000e+00 0.000000000000000000e+00
2.889779559118236474e+00 0.000000000000000000e+00 0.000000000000000000e+00 0.000000000000000000e+00 0.000000000000000000e+00 0.000000000000000000e+00
2.896793587174348872e+00 0.000000000000000000e+00 0.000000000000000000e+00 0.000000000000000000e+00 0.000000000000000000e+00 0.000000000000000000e+00
2.903807615230460826e+00 0.000000000000000000e+00 0.000000000000000000e+00 0.000000000000000000e+00 0.000000000000000000e+00 0.000000000000000000e+00
2.910821643286573224e+00 0.000000000000000000e+00 0.000000000000000000e+00 0.000000000000000000e+00 0.000000000000000000e+00 0.000000000000000000e+00
2.917835671342685622e+00 0.000000000000000000e+00 0.000000000000000000e+00 0.000000000000000000e+00 0.000000000000000000e+00 0.000000000000000000e+00
2.924849699398797576e+00 0.000000000000000000e+00 0.000000000000000000e+00 0.000000000000000000e+00 0.000000000000000000e+00 0.000000000000000000e+00
2.931863727454909974e+00 0.000000000000000000e+00 0.000000000000000000e+00 0.000000000000000000e+00 0.000000000000000000e+00 0.000000000000000000e+00
2.938877755511021928e+00 0.000000000000000000e+00 0.000000000000000000e+00 0.000000000000000000e+00 0.000000000000000000e+00 0.000000000000000000e+00
2.945891783567134325e+00 0.000000000000000000e+00 0.000000000000000000e+00 0.000000000000000000e+00 0.000000000000000000e+00 0.000000000000000000e+00
2.952905811623246723e+00 0.000000000000000000e+00 0.000000000000000000e+00 0.000000000000000000e+00 0.000000000000000000e+00 0.000000000000000000e+00
2.959919839679358677e+00 0.000000000000000000e+00 0.000000000000000000e+00 0.000000000000000000e+00 0.000000000000000000e+00 0.000000000000000000e+00
2.966933867735471075e+00 0.000000000000000000e+00 0.000000000000000000e+00 0.000000000000000000e+00 0.000000000000000000e+00 0.000000000000000000e+00
2.973947895791583029e+00 0.000000000000000000e+00 0.000000000000000000e+00 0.000000000000000000e+00 0.000000000000000000e+00 0.000000000000000000e+00
2.980961923847695427e+00 0.000000000000000000e+00 0.000000000000000000e+00 0.000000000000000000e+00 0.000000000000000000e+00 0.000000000000000000e+00
2.987975951903807825e+00 0.000000000000000000e+00 0.000000000000000000e+00 0.000000000000000000e+00 0.000000000000000000e+00 0.000000000000000000e+00
2.994989979959919779e+00 0.000000000000000000e+00 0.000000000000000000e+00 0.000000000000000000e+00 0.000000000000000000e+00 0.000000000000000000e+00
3.002004008016032177e+00 0.000000000000000000e+00 0.000000000000000000e+00 0.000000000000000000e+00 0.000000000000000000e+00 0.000000000000000000e+00
3.009018036072144131e+00 0.000000000000000000e+00 0.000000000000000000e+00 0.000000000000000000e+00 0.000000000000000000e+00 0.000000000000000000e+00
3.016032064128256529e+00 0.000000000000000000e+00 0.000000000000000000e+00 0.000000000000000000e+00 0.000000000000000000e+00 0.000000000000000000e+00
3.023046092184368927e+00 0.000000000000000000e+00 0.000000000000000000e+00 0.000000000000000000e+00 0.000000000000000000e+00 0.000000000000000000e+00
3.030060120240480881e+00 0.000000000000000000e+00 0.000000000000000000e+00 0.000000000000000000e+00 0.000000000000000000e+00 0.000000000000000000e+00
3.037074148296593279e+00 0.000000000000000000e+00 0.000000000000000000e+00 0.000000000000000000e+00 0.000000000000000000e+00 0.000000000000000000e+00
3.044088176352705233e+00 0.000000000000000000e+00 0.000000000000000000e+00 0.000000000000000000e+00 0.000000000000000000e+00 0.000000000000000000e+00
3.051102204408817631e+00 0.000000000000000000e+00 0.000000000000000000e+00 0.000000000000000000e+00 0.000000000000000000e+00 0.000000000000000000e+00
3.058116232464930029e+00 0.000000000000000000e+00 0.000000000000000000e+00 0.000000000000000000e+00 0.000000000000000000e+00 0.000000000000000000e+00
3.065130260521041983e+00 0.000000000000000000e+00 0.000000000000000000e+00 0.000000000000000000e+00 0.000000000000000000e+00 0.000000000000000000e+00
3.072144288577154381e+00 0.000000000000000000e+00 0.000000000000000000e+00 0.000000000000000000e+00 0.000000000000000000e+00 0.000000000000000000e+00
3.079158316633266779e+00 0.000000000000000000e+00 0.000000000000000000e+00 0.000000000000000000e+00 0.000000000000000000e+00 0.000000000000000000e+00
3.086172344689378733e+00 0.000000000000000000e+00 0.000000000000000000e+00 0.000000000000000000e+00 0.000000000000000000e+00 0.000000000000000000e+00
3.093186372745491131e+00 0.000000000000000000e+00 0.000000000000000000e+00 0.000000000000000000e+00 0.000000000000000000e+00 0.000000000000000000e+00
3.100200400801603084e+00 0.000000000000000000e+00 0.000000000000000000e+00 0.000000000000000000e+00 0.000000000000000000e+00 0.000000000000000000e+00
3.107214428857715482e+00 0.000000000000000000e+00 0.000000000000000000e+00 0.000000000000000000e+00 0.000000000000000000e+00 0.000000000000000000e+00
3.114228456913827880e+00 0.000000000000000000e+00 0.000000000000000000e+00 0.000000000000000000e+00 0.000000000000000000e+00 0.000000000000000000e+00
3.121242484969939834e+00 0.000000000000000000e+00 0.000000000000000000e+00 0.000000000000000000e+00 0.000000000000000000e+00 0.000000000000000000e+00
3.128256513026052232e+00 0.000000000000000000e+00 0.000000000000000000e+00 0.000000000000000000e+00 0.000000000000000000e+00 0.000000000000000000e+00
3.135270541082164186e+00 0.000000000000000000e+00 0.000000000000000000e+00 0.000000000000000000e+00 0.000000000000000000e+00 0.000000000000000000e+00
3.142284569138276584e+00 0.000000000000000000e+00 0.000000000000000000e+00 0.000000000000000000e+00 0.000000000000000000e+00 0.000000000000000000e+00
3.149298597194388982e+00 0.000000000000000000e+00 0.000000000000000000e+00 0.000000000000000000e+00 0.000000000000000000e+00 0.000000000000000000e+00
3.156312625250500936e+00 0.000000000000000000e+00 0.000000000000000000e+00 0.000000000000000000e+00 0.000000000000000000e+00 0.000000000000000000e+00
3.163326653306613334e+00 0.000000000000000000e+00 0.000000000000000000e+00 0.000000000000000000e+00 0.000000000000000000e+00 0.000000000000000000e+00
3.170340681362725288e+00 0.000000000000000000e+00 0.000000000000000000e+00 0.000000000000000000e+00 0.000000000000000000e+00 0.000000000000000000e+00
3.177354709418837686e+00 0.000000000000000000e+00 0.000000000000000000e+00 0.000000000000000000e+00 0.000000000000000000e+00 0.000000000000000000e+00
3.184368737474950084e+00 0.000000000000000000e+00 0.000000000000000000e+00 0.000000000000000000e+00 0.000000000000000000e+00 0.000000000000000000e+00
3.191382765531062038e+00 0.000000000000000000e+00 0.000000000000000000e+00 0.000000000000000000e+00 0.000000000000000000e+00 0.000000000000000000e+00
3.198396793587174436e+00 0.000000000000000000e+00 0.000000000000000000e+00 0.000000000000000000e+00 0.000000000000000000e+00 0.000000000000000000e+00
3.205410821643286390e+00 0.000000000000000000e+00 0.000000000000000000e+00 0.000000000000000000e+00 0.000000000000000000e+00 0.000000000000000000e+00
3.212424849699398788e+00 0.000000000000000000e+00 0.000000000000000000e+00 0.000000000000000000e+00 0.000000000000000000e+00 0.000000000000000000e+00
3.219438877755511186e+00 0.000000000000000000e+00 0.000000000000000000e+00 0.000000000000000000e+00 0.000000000000000000e+00 0.000000000000000000e+00
3.226452905811623140e+00 0.000000000000000000e+00 0.000000000000000000e+00 0.000000000000000000e+00 0.000000000000000000e+00 0.000000000000000000e+00
3.233466933867735538e+00 0.000000000000000000e+00 0.000000000000000000e+00 0.000000000000000000e+00 0.000000000000000000e+00 0.000000000000000000e+00
3.240480961923847936e+00 0.000000000000000000e+00 0.000000000000000000e+00 0.000000000000000000e+00 0.000000000000000000e+00 0.000000000000000000e+00
3.247494989979959890e+00 0.000000000000000000e+00 0.000000000000000000e+00 0.000000000000000000e+00 0.000000000000000000e+00 0.000000000000000000e+00
3.254509018036072288e+00 0.000000000000000000e+00 0.000000000000000000e+00 0.000000000000000000e+00 0.000000000000000000e+00 0.000000000000000000e+00
3.261523046092184241e+00 0.000000000000000000e+00 0.000000000000000000e+00 0.000000000000000000e+00 0.000000000000000000e+00 0.000000000000000000e+00
3.268537074148296639e+00 0.000000000000000000e+00 0.000000000000000000e+00 0.000000000000000000e+00 0.000000000000000000e+00 0.000000000000000000e+00
3.275551102204409037e+00 0.000000000000000000e+00 0.000000000000000000e+00 0.000000000000000000e+00 0.000000000000000000e+00 0.000000000000000000e+00
3.282565130260520991e+00 0.000000000000000000e+00 0.000000000000000000e+00 0.000000000000000000e+00 0.000000000000000000e+00 0.000000000000000000e+00
3.289579158316633389e+00 0.000000000000000000e+00 0.000000000000000000e+00 0.000000000000000000e+00 0.000000000000000000e+00 0.000000000000000000e+00
3.296593186372745343e+00 0.000000000000000000e+00 0.000000000000000000e+00 0.000000000000000000e+00 0.000000000000000000e+00 0.000000000000000000e+00
3.303607214428857741e+00 0.000000000000000000e+00 0.000000000000000000e+00 0.000000000000000000e+00 0.000000000000000000e+00 0.000000000000000000e+00
3.310621242484970139e+00 0.000000000000000000e+00 0.000000000000000000e+00 0.000000000000000000e+00 0.000000000000000000e+00 0.000000000000000000e+00
3.317635270541082093e+00 0.000000000000000000e+00 0.000000000000000000e+00 0.000000000000000000e+00 0.000000000000000000e+00 0.000000000000000000e+00
3.324649298597194491e+00 0.000000000000000000e+00 0.000000000000000000e+00 0.000000000000000000e+00 0.000000000000000000e+00 0.000000000000000000e+00
3.331663326653306445e+00 0.000000000000000000e+00 0.000000000000000000e+00 0.000000000000000000e+00 0.000000000000000000e+00 0.000000000000000000e+00
3.338677354709418843e+00 0.000000000000000000e+00 0.000000000000000000e+00 0.000000000000000000e+00 0.000000000000000000e+00 0.000000000000000000e+00
3.345691382765531241e+00 0.000000000000000000e+00 0.000000000000000000e+00 0.000000000000000000e+00 0.000000000000000000e+00 0.000000000000000000e+00
3.352705410821643195e+00 0.000000000000000000e+00 0.000000000000000000e+00 0.000000000000000000e+00 0.000000000000000000e+00 0.000000000000000000e+00
3.359719438877755593e+00 0.000000000000000000e+00 0.000000000000000000e+00 0.000000000000000000e+00 0.000000000000000000e+00 0.000000000000000000e+00
3.366733466933867547e+00 0.000000000000000000e+00 0.000000000000000000e+00 0.000000000000000000e+00 0.000000000000000000e+00 0.000000000000000000e+00
3.373747494989979945e+00 0.000000000000000000e+00 0.000000000000000000e+00 0.000000000000000000e+00 0.000000000000000000e+00 0.000000000000000000e+00
3.380761523046092343e+00 0.000000000000000000e+00 0.000000000000000000e+00 0.000000000000000000e+00 0.000000000000000000e+00 0.000000000000000000e+00
3.387775551102204297e+00 0.000000000000000000e+00 0.000000000000000000e+00 0.000000000000000000e+00 0.000000000000000000e+00 0.000000000000000000e+00
3.394789579158316695e+00 0.000000000000000000e+00 0.000000000000000000e+00 0.000000000000000000e+00 0.000000000000000000e+00 0.000000000000000000e+00
3.401803607214429093e+00 0.000000000000000000e+00 0.000000000000000000e+00 0.000000000000000000e+00 0.000000000000000000e+00 0.000000000000000000e+00
3.408817635270541047e+00 0.000000000000000000e+00 0.000000000000000000e+00 0.000000000000000000e+00 0.000000000000000000e+00 0.000000000000000000e+00
3.415831663326653445e+00 0.000000000000000000e+00 0.000000000000000000e+00 0.000000000000000000e+00 0.000000000000000000e+00 0.000000000000000000e+00
3.422845691382765398e+00 0.000000000000000000e+00 0.000000000000000000e+00 0.000000000000000000e+00 0.000000000000000000e+00 0.000000000000000000e+00
3.429859719438877796e+00 0.000000000000000000e+00 0.000000000000000000e+00 0.000000000000000000e+00 0.000000000000000000e+00 0.000000000000000000e+00
3.436873747494990194e+00 0.000000000000000000e+00 0.000000000000000000e+00 0.000000000000000000e+00 0.000000000000000000e+00 0.000000000000000000e+00
3.443887775551102148e+00 0.000000000000000000e+00 0.000000000000000000e+00 0.000000000000000000e+00 0.000000000000000000e+00 0.000000000000000000e+00
3.450901803607214546e+00 0.000000000000000000e+00 0.000000000000000000e+00 0.000000000000000000e+00 0.000000000000000000e+00 0.000000000000000000e+00
3.457915831663326500e+00 0.000000000000000000e+00 0.000000000000000000e+00 0.000000000000000000e+00 0.000000000000000000e+00 0.000000000000000000e+00
3.464929859719438898e+00 0.000000000000000000e+00 0.000000000000000000e+00 0.000000000000000000e+00 0.000000000000000000e+00 0.000000000000000000e+00
3.471943887775551296e+00 0.000000000000000000e+00 0.000000000000000000e+00 0.000000000000000000e+00 0.000000000000000000e+00 0.000000000000000000e+00
3.478957915831663250e+00 0.000000000000000000e+00 0.000000000000000000e+00 0.000000000000000000e+00 0.000000000000000000e+00 0.000000000000000000e+00
3.485971943887775648e+00 0.000000000000000000e+00 0.000000000000000000e+00 0.000000000000000000e+00 0.000000000000000000e+00 0.000000000000000000e+00
3.492985971943887602e+00 0.000000000000000000e+00 0.000000000000000000e+00 0.000000000000000000e+00 0.000000000000000000e+00 0.000000000000000000e+00
3.500000000000000000e+00 0.000000000000000000e+00 0.000000000000000000e+00 0.000000000000000000e+00 0.000000000000000000e+00 0.000000000000000000e+00
