0.000000000000000000e+00 0.000000000000000000e+00 0.000000000000000000e+00 0.000000000000000000e+00 0.000000000000000000e+00 0.000000000000000000e+00
7.014028056112224518e-03 8.671720280415394846e-03 5.642663581169680563e-14 0.000000000000000000e+00 0.000000000000000000e+00 0.000000000000000000e+00
1.402805611222444904e-02 3.533698541597418696e-02 7.566623332921635919e-13 0.000000000000000000e+00 0.000000000000000000e+00 0.000000000000000000e+00
2.104208416833667356e-02 8.069114173310704130e-02 5.468740207646198780e-12 0.000000000000000000e+00 0.000000000000000000e+00 0.000000000000000000e+00
2.805611222444889807e-02 1.447100921948082930e-01 2.987666729290382737e-11 0.000000000000000000e+00 0.000000000000000000e+00 0.000000000000000000e+00
3.507014028056112259e-02 2.266334716761288226e-01 1.372747521438163464e-10 0.000000000000000000e+00 0.000000000000000000e+00 0.000000000000000000e+00
4.208416833667334711e-02 3.250794712264091779e-01 5.566976150222973518e-10 0.000000000000000000e+00 0.000000000000000000e+00 0.000000000000000000e+00
4.909819639278557163e-02 4.382073228155520250e-01 2.045812550463732730e-09 0.000000000000000000e+00 0.000000000000000000e+00 0.000000000000000000e+00
5.611222444889779615e-02 5.638920926644119813e-01 6.924566885616787518e-09 0.000000000000000000e+00 0.000000000000000000e+00 0.000000000000000000e+00
6.312625250501002760e-02 6.998889307025990547e-01 2.182486391054374355e-08 0.000000000000000000e+00 0.000000000000000000e+00 0.000000000000000000e+00
7.014028056112224518e-02 8.439722399359518290e-01 6.455894577413626108e-08 0.000000000000000000e+00 0.000000000000000000e+00 0.000000000000000000e+00
7.715430861723446276e-02 9.940422551180229105e-01 1.802973016691924736e-07 0.000000000000000000e+00 0.000000000000000000e+00 0.000000000000000000e+00
8.416833667334669422e-02 1.148197274981138216e+00 4.776227053120373855e-07 0.000000000000000000e+00 0.000000000000000000e+00 0.000000000000000000e+00
9.118236472945892568e-02 1.304774028143643738e+00 1.204764863824333743e-06 7.845456454996034036e-17 0.000000000000000000e+00 0.000000000000000000e+00
9.819639278557114326e-02 1.462361302739655811e+00 2.902891387964991574e-06 2.609221044178886649e-16 0.000000000000000000e+00 0.000000000000000000e+00
1.052104208416833608e-01 1.619793182460688152e+00 6.699791430011796880e-06 1.146054295361304774e-15 0.000000000000000000e+00 0.000000000000000000e+00
1.122244488977955923e-01 1.776128301080006855e+00 1.484682668357351437e-05 5.096434803415265796e-15 0.000000000000000000e+00 0.000000000000000000e+00
1.192384769539078238e-01 1.930620806642552756e+00 3.165702821378175302e-05 2.181618449079171285e-14 0.000000000000000000e+00 0.000000000000000000e+00
1.262525050100200552e-01 2.082687557009208934e+00 6.507280308971345360e-05 8.795198886447309868e-14 0.000000000000000000e+00 0.000000000000000000e+00
1.332665330661322589e-01 2.231874736822105465e+00 1.291738325530892727e-04 3.371046035906910517e-13 0.000000000000000000e+00 0.000000000000000000e+00
1.402805611222444904e-01 2.377825805235351364e+00 2.480192244032983911e-04 1.230719851779248478e-12 0.000000000000000000e+00 0.000000000000000000e+00
1.472945891783567218e-01 2.520251594481528024e+00 4.612851566434288315e-04 4.287431476857862279e-12 0.000000000000000000e+00 0.000000000000000000e+00
1.543086172344689255e-01 2.658902561635157369e+00 8.321849557334284062e-04 1.427817536671946547e-11 0.000000000000000000e+00 0.000000000000000000e+00
1.613226452905811570e-01 2.793542685062658570e+00 1.458112333257689797e-03 4.552529691685629877e-11 0.000000000000000000e+00 0.000000000000000000e+00
1.683366733466933884e-01 2.923924297031739616e+00 2.484299461810951602e-03 1.391921710767230496e-10 0.000000000000000000e+00 0.000000000000000000e+00
1.753507014028056199e-01 3.049763236180214943e+00 4.120505717877739026e-03 4.086816018465573874e-10 0.000000000000000000e+00 0.000000000000000000e+00
1.823647294589178514e-01 3.170714050009071361e+00 6.660342002755084007e-03 1.153886982982633607e-09 0.000000000000000000e+00 0.000000000000000000e+00
1.893787575150300551e-01 3.286345520348931792e+00 1.050230547050659893e-02 3.137035292285565031e-09 0.000000000000000000e+00 0.000000000000000000e+00
1.963927855711422865e-01 3.396117444656195694e+00 1.617099588949539798e-02 8.222379153844829818e-09 0.000000000000000000e+00 0.000000000000000000e+00
2.034068136272545180e-01 3.499360283540524641e+00 2.433638351231630012e-02 2.080260188580948652e-08 0.000000000000000000e+00 0.000000000000000000e+00
2.104208416833667217e-01 3.595259866186736541e+00 3.582849865536602563e-02 5.086018269048569959e-08 0.000000000000000000e+00 0.000000000000000000e+00
2.174348697394789531e-01 3.682849713661400237e+00 5.164462474634988476e-02 1.202972844490109276e-07 0.000000000000000000e+00 0.000000000000000000e+00
2.244488977955911846e-01 3.761013592744767653e+00 7.294610005101374861e-02 2.755559889233155355e-07 0.000000000000000000e+00 0.000000000000000000e+00
2.314629258517034160e-01 3.828500579850708352e+00 1.010422392073396791e-01 6.119002967925152946e-07 0.000000000000000000e+00 0.000000000000000000e+00
2.384769539078156475e-01 3.883954175342847925e+00 1.373596955300965816e-01 1.318536659513790125e-06 0.000000000000000000e+00 0.000000000000000000e+00
2.454909819639278512e-01 3.925955903060867058e+00 1.833967588327222731e-01 2.759642066931344208e-06 0.000000000000000000e+00 0.000000000000000000e+00
2.525050100200401104e-01 3.953082459733336051e+00 2.406635177762001532e-01 5.615078000173360178e-06 2.381331019166285053e-16 0.000000000000000000e+00
2.595190380761522864e-01 3.963973997663118976e+00 3.106103532337137763e-01 1.111682729951328169e-05 9.703595594313136589e-16 0.000000000000000000e+00
2.665330661322645178e-01 3.957409717036823427e+00 3.945486794013009502e-01 2.143355960659187642e-05 3.702333526962506573e-15 0.000000000000000000e+00
2.735470941883767493e-01 3.932385801688012439e+00 4.935690169376609759e-01 4.027633889367492141e-05 1.279247814342643814e-14 0.000000000000000000e+00
2.805611222444889807e-01 3.888190019852695745e+00 6.084621976088444573e-01 7.382270006376845579e-05 4.303162381141491059e-14 0.000000000000000000e+00
2.875751503006012122e-01 3.824467144249311890e+00 7.396496465421464883e-01 1.320823816299118085e-04 1.391708130320929321e-13 0.000000000000000000e+00
2.945891783567134437e-01 3.741269769240218146e+00 8.871282230261275936e-01 2.308527049141942140e-04 4.349862400680720246e-13 0.000000000000000000e+00
3.016032064128256751e-01 3.639090085807157759e+00 1.050434061399050156e+00 3.944301202837679479e-04 1.314093764973588159e-12 0.000000000000000000e+00
3.086172344689378511e-01 3.518869614742829999e+00 1.228628353253254257e+00 6.592504654469233047e-04 3.838779399706735780e-12 0.000000000000000000e+00
3.156312625250500825e-01 3.381985635970893078e+00 1.420306223218381181e+00 1.078616625202543072e-03 1.085382768336899851e-11 0.000000000000000000e+00
3.226452905811623140e-01 3.230214895957331578e+00 1.623627978920751058e+00 1.728631037900464455e-03 2.972529031100317814e-11 0.000000000000000000e+00
3.296593186372745454e-01 3.065676929045096255e+00 1.836370271667238319e+00 2.715375541786384760e-03 7.892572492594731474e-11 0.000000000000000000e+00
3.366733466933867769e-01 2.890760816040074843e+00 2.055993274154591877e+00 4.183268874018027626e-03 2.033361560826141951e-10 0.000000000000000000e+00
3.436873747494990083e-01 2.708040289802175593e+00 2.279719003732321614e+00 6.324383663058155518e-03 5.087077498898642105e-10 0.000000000000000000e+00
3.507014028056112398e-01 2.520182703040531713e+00 2.504615470448904535e+00 9.388326765285913422e-03 1.236857802802400574e-09 0.000000000000000000e+00
3.577154308617234713e-01 2.329857477372287100e+00 2.727681416195200548e+00 1.369209263886344077e-02 2.924822745981216495e-09 0.000000000000000000e+00
3.647294589178357027e-01 2.139649289840930280e+00 2.945926978750112113e+00 1.962910882306270408e-02 6.731756222100076786e-09 0.000000000000000000e+00
3.717434869739478787e-01 1.951980503291834479e+00 3.156446554895055101e+00 2.767653015969191027e-02 1.509098942539436129e-08 0.000000000000000000e+00
3.787575150300601101e-01 1.769046320175690523e+00 3.356481308828575205e+00 3.839973120760131059e-02 3.297387154015399893e-08 0.000000000000000000e+00
3.857715430861723416e-01 1.592764959107403566e+00 3.543470021630711120e+00 5.245292028583439098e-02 7.027142634682896058e-08 0.000000000000000000e+00
3.927855711422845730e-01 1.424743941605418840e+00 3.715088157338499286e+00 7.057487450529618955e-02 1.461603362843897051e-07 0.000000000000000000e+00
3.997995991983968045e-01 1.266262439960490704e+00 3.869276008446882464e+00 9.357898470981440564e-02 2.968926884257303698e-07 0.000000000000000000e+00
4.068136272545090359e-01 1.118268659631731721e+00 4.004257492179844391e+00 1.223371019425102679e-01 5.893294637319092662e-07 0.000000000000000000e+00
4.138276553106212674e-01 9.813904662316131899e-01 4.118551555721722046e+00 1.577570784655319969e-01 1.143845752326971775e-06 0.000000000000000000e+00
4.208416833667334433e-01 8.559569445333227167e-01 4.210978214473231063e+00 2.007543682951042630e-01 2.172111746844477839e-06 0.000000000000000000e+00
4.278557114228456748e-01 7.420282954102113138e-01 4.280661031750980783e+00 2.522185548387662068e-01 4.037848356192090325e-06 0.000000000000000000e+00
4.348697394789579063e-01 6.394314154824797258e-01 4.327027420223493515e+00 3.129761590511339620e-01 7.352109977285559759e-06 0.000000000000000000e+00
4.418837675350701377e-01 5.477986278657119845e-01 4.349807591656346339e+00 3.837515007488937480e-01 1.311905769150210445e-05 0.000000000000000000e+00
4.488977955911823692e-01 4.666072966593660110e-01 4.349032394345785590e+00 4.651276921750518989e-01 2.295356664027250324e-05 0.000000000000000000e+00
4.559118236472946006e-01 3.952184159356239013e-01 4.325029742493028628e+00 5.575099997979042765e-01 3.939823621316960729e-05 0.000000000000000000e+00
4.629258517034068321e-01 3.329126714433505718e-01 4.278418927992689191e+00 6.610937950014250664e-01 6.637412051791140419e-05 0.000000000000000000e+00
4.699398797595190636e-01 2.789228911596615679e-01 4.210101859119620649e+00 7.758391212255981717e-01 1.098062019445360975e-04 0.000000000000000000e+00
4.769539078156312950e-01 2.324621981156988204e-01 4.121250212942340951e+00 9.014535467341826536e-01 1.784704427354394732e-04 0.000000000000000000e+00
4.839679358717434710e-01 1.927475331374192691e-01 4.013287614042851281e+00 1.037384477742656186e+00 2.851130325990057762e-04 0.000000000000000000e+00
4.909819639278557024e-01 1.590185122822405095e-01 3.887866234319883763e+00 1.182821518798232052e+00 4.478928241918429484e-04 2.827283527465899928e-16
4.979959919839679339e-01 1.305518173786145708e-01 3.746837603948505180e+00 1.336708837395806260e+00 6.921933859161989722e-04 8.456462464079610449e-16
5.050100200400802208e-01 1.066714879452193149e-01 3.592217879129700808e+00 1.497766872202498378e+00 1.052840088240841916e-03 2.528587070633155608e-15
5.120240480961923968e-01 8.675559327911012975e-02 3.426148272929155247e+00 1.664522170610205354e+00 1.576738888100839018e-03 7.558593088522361622e-15
5.190380761523045727e-01 7.023982215204514767e-02 3.250851770313490263e+00 1.835343695444108469e+00 2.325926178881805931e-03 2.091500620356774387e-14
5.260521042084168597e-01 5.661854353448058513e-02 3.068587575891625008e+00 2.008483634462672640e+00 3.380983168761091638e-03 5.693136116928272626e-14
5.330661322645290356e-01 4.544387481228573389e-02 2.881604954172749089e+00 2.182120597374368032e+00 4.844724655630535011e-03 1.498590434111582483e-13
5.400801603206413226e-01 3.632325346873477995e-02 2.692098203106437548e+00 2.354403095885138075e+00 6.846022843447104045e-03 3.852885164046262783e-13
5.470941883767534986e-01 2.891595262775624106e-02 2.502164452214712842e+00 2.523491360840674158e+00 9.543575244735442303e-03 9.669895277945239097e-13
5.541082164328657855e-01 2.292891734977094836e-02 2.313765809156578257e+00 2.687595832744416491e+00 1.312937607871588440e-02 2.370576892248779276e-12
5.611222444889779615e-01 1.811223284738025172e-02 2.128697115125460559e+00 2.845011034786455895e+00 1.783160806797281714e-02 5.679551916685746613e-12
5.681362725450901374e-01 1.425447211361458195e-02 1.948560238350184326e+00 2.994143962860065233e+00 2.391664171580244747e-02 1.330377177586051561e-11
5.751503006012024244e-01 1.117811177649899283e-02 1.774745467141786825e+00 3.133536565556138687e+00 3.168981740274069703e-02 3.048599179314550572e-11
5.821643286573146003e-01 8.735153115701088308e-03 1.608420189842674430e+00 3.261882302027025116e+00 4.149469656492178055e-02 6.837370790094270506e-11
5.891783567134268873e-01 6.803040977833811100e-03 1.450524695896406868e+00 3.378037125740754654e+00 5.371050496177837141e-02 1.501582624425861080e-10
5.961923847695390632e-01 5.280936973284022784e-03 1.301774622096977252e+00 3.481025524236323943e+00 6.874755476555355349e-02 3.230616810632797835e-10
6.032064128256513502e-01 4.086374486723738826e-03 1.162669316628730076e+00 3.570042434969631362e+00 8.704052168238825271e-02 6.812332495351238090e-10
6.102204408817635262e-01 3.152301009911486276e-03 1.033505209861759644e+00 3.644451950661883544e+00 1.090395647651467015e-01 1.408553215573636739e-09
6.172344689378757021e-01 2.424497244390819931e-03 9.143931677870902330e-01 3.703783728633614825e+00 1.351994037779367663e-01 2.856976225539976296e-09
6.242484969939879891e-01 1.859351382133639374e-03 8.052787587295731075e-01 3.747727939454057022e+00 1.659666036396781619e-01 5.686960762922353468e-09
6.312625250501001650e-01 1.421960018401378402e-03 7.059643794917312976e-01 3.776129448626242446e+00 2.017654479091318953e-01 1.111409043699170409e-08
6.382765531062124520e-01 1.084523408415569807e-03 6.161322532592560242e-01 3.788981742270734365e+00 2.429829031901361291e-01 2.133356127708177836e-08
6.452905811623246279e-01 8.250014676874805513e-04 5.353674166258438616e-01 3.786420906426124500e+00 2.899532737979969022e-01 4.023648570613519339e-08
6.523046092184369149e-01 6.259973659733530666e-04 4.631799446444880286e-01 3.768719771309406052e+00 3.429432123918687569e-01 7.459530037246217511e-08
6.593186372745490909e-01 4.738372227745930539e-04 3.990258090420750747e-01 3.736282155582166364e+00 4.021377810294046729e-01 1.359882064288676499e-07
6.663326653306613778e-01 3.578168344000718271e-04 3.423259150422811037e-01 3.689637006114175222e+00 4.676282445001622712e-01 2.438648482603882229e-07
6.733466933867735538e-01 2.695892053461544516e-04 2.924830077681854212e-01 3.629432135671402992e+00 5.394022232602239120e-01 4.303397779139296101e-07
6.803607214428857297e-01 2.026696638528547342e-04 2.488962730810689861e-01 3.556427218788857036e+00 6.173367394746440695e-01 7.475507582694577411e-07
6.873747494989980167e-01 1.520383297840502304e-04 2.109735751498859058e-01 3.471485714077819029e+00 7.011945622369615272e-01 1.278750735896155410e-06
6.943887775551101926e-01 1.138225486104193904e-04 1.781413711717666493e-01 3.375565434103898976e+00 7.906241051435808354e-01 2.154729995778054773e-06
7.014028056112224796e-01 8.504453096134130801e-05 1.498524213250187753e-01 3.269707572946822349e+00 8.851629610127139669e-01 3.577700875907442449e-06
7.084168336673346555e-01 6.342180109141722945e-05 1.255914694917112939e-01 3.155024115423104458e+00 9.842449855481876231e-01 5.855428471559652802e-06
7.154308617234469425e-01 4.721014365969643364e-05 1.048791088778402714e-01 3.032683678392817939e+00 1.087210675093688073e+00 9.449155492030633795e-06
7.224448897795591185e-01 3.508054858723711584e-05 8.727406847928920186e-02 2.903895961320169139e+00 1.193320433423321614e+00 1.503973371493320191e-05
7.294589178356714054e-01 2.602320257565575836e-05 7.237416393656323499e-02 2.769895099168980135e+00 1.301770197340823332e+00 2.361730757139589098e-05
7.364729458917835814e-01 1.927288450111297487e-05 5.981615242797493071e-02 2.631922306585374294e+00 1.411708797177347208e+00 3.660084602374199755e-05
7.434869739478957573e-01 1.425121549560846190e-05 4.927471858995793874e-02 2.491208271446431866e+00 1.522256370106656709e+00 5.599471232522087565e-05
7.505010020040080443e-01 1.052211946787661305e-05 4.046079957232508878e-02 2.348955794303754008e+00 1.632523122997255216e+00 8.459019804128009969e-05
7.575150300601202202e-01 7.757592030103079836e-06 3.311943450469261030e-02 2.206323176868212332e+00 1.741627756297091212e+00 1.262204047178373356e-04
7.645290581162325072e-01 5.711479632855399187e-06 2.702729879754067754e-02 2.064408838858172945e+00 1.848714908028912252e+00 1.860768912046874659e-04
7.715430861723446831e-01 4.199458362671806956e-06 2.199005839301166471e-02 1.924237591795723290e+00 1.952971052445386491e+00 2.710959625596929819e-04
7.785571142284569701e-01 3.083792991255465671e-06 1.783965452266333268e-02 1.786748925819073852e+00 2.053638385096879126e+00 3.904212031179449976e-04
7.855711422845691461e-01 2.261768616112927457e-06 1.443160659400349530e-02 1.652787577440886002e+00 2.150026338148816940e+00 5.559467120275481209e-04
7.925851703406813220e-01 1.656934274858076768e-06 1.164240009110163732e-02 1.523096549011763390e+00 2.241520489728326737e+00 7.829423771902096346e-04
7.995991983967936090e-01 1.212492584673067868e-06 9.367008163789327171e-03 1.398312650933608126e+00 2.327588752157215612e+00 1.090758367798490280e-03
8.066132264529057849e-01 8.863221082510429187e-07 7.516580020130420037e-03 1.278964541342112460e+00 2.407784840097628276e+00 1.503600851820213226e-03
8.136272545090180719e-01 6.472382564542370789e-07 6.016316298518425976e-03 1.165473150076904885e+00 2.481749125812126255e+00 2.051364855079988551e-03
8.206412825651302478e-01 4.721910623706302074e-07 4.803541137333073446e-03 1.058154298195683962e+00 2.549207080963150851e+00 2.770503373596628141e-03
8.276553106212425348e-01 3.441697389640018908e-07 3.825972465194600689e-03 9.572232637483576445e-01 2.609965579882080444e+00 3.704904633817029426e-03
8.346693386773547108e-01 2.506390702280118869e-07 3.040185843381599303e-03 8.628010004609846240e-01 2.663907396426913987e+00 4.906742167700220425e-03
8.416833667334668867e-01 1.823750207971575926e-07 2.410262724796351664e-03 7.749216886926446612e-01 2.710984264896123097e+00 6.437255615917417129e-03
8.486973947895791737e-01 1.325993101332654352e-07 1.906610971739857840e-03 6.935412868332850866e-01 2.751208895377927011e+00 8.367414435811236159e-03
8.557114228456913496e-01 9.633738470450283331e-08 1.504943631690655636e-03 6.185467547198428839e-01 2.784646336550785861e+00 1.077841253794857568e-02
8.627254509018036366e-01 6.994295818783375106e-08 1.185401062631575480e-03 5.497656365921028687e-01 2.811405066048433987e+00 1.376193985470554153e-02
8.697394789579158125e-01 5.074650278135462576e-08 9.318013109133478069e-04 4.869757171547815511e-01 2.831628162199239629e+00 1.742017744013864972e-02
8.767535070140280995e-01 3.679579488348902155e-08 7.310039887617762657e-04 4.299144978630487501e-01 2.845484873627425859e+00 2.186546628450218577e-02
8.837675350701402754e-01 2.666470258235154117e-08 5.723736186271290594e-04 3.782882790272552032e-01 2.853162857356633442e+00 2.721960681609174662e-02
8.907815631262525624e-01 1.931247305206245961e-08 4.473293794783401891e-04 3.317806743220033106e-01 2.854861304183911042e+00 3.361275608431715800e-02
8.977955911823647384e-01 1.398032679522072750e-08 3.489693036518677280e-04 2.900604256375791112e-01 2.850785114618180849e+00 4.118190268435006907e-02
9.048096192384769143e-01 1.011556905482491986e-08 2.717581528527623306e-04 2.527884261205754490e-01 2.841140231889200063e+00 5.006891518755129944e-02
9.118236472945892013e-01 7.315967618733178748e-09 2.112693890258890439e-04 2.196238962855151799e-01 2.826130182540779856e+00 6.041817756341689993e-02
9.188376753507013772e-01 5.289032051473623623e-09 1.639728074087475485e-04 1.902296911946351199e-01 2.805953821824428651e+00 7.237384401311278137e-02
9.258517034068136642e-01 3.822237708549732109e-09 1.270604859684995927e-04 1.642767452214479174e-01 2.780804232172309653e+00 8.607676483467489870e-02
9.328657314629258401e-01 2.761277283006060459e-09 9.830470936692519833e-05 1.414476844908827691e-01 2.750868679862173760e+00 1.016611533726017730e-01
9.398797595190381271e-01 1.994190372372944098e-09 7.594243664522697319e-05 1.214396556671665656e-01 2.716329498730137182e+00 1.192510807167297820e-01
9.468937875751503030e-01 1.439794331326315977e-09 5.858169640399963268e-05 1.039664335161700898e-01 2.677365741289619905e+00 1.389568986035038256e-01
9.539078156312625900e-01 1.039260155427763172e-09 4.512601235122045052e-05 8.875987895591699872e-02 2.634155417423633683e+00 1.608717010521905910e-01
9.609218436873747660e-01 7.499813841788807563e-10 3.471358988795772600e-05 7.557082460685687897e-02 2.586878129169475127e+00 1.850679409347593118e-01
9.679358717434869419e-01 5.411168991132093746e-10 2.666853709241470818e-05 6.416946671812200076e-02 2.535717906933065091e+00 2.115943184575273806e-01
9.749498997995992289e-01 3.903533499697857641e-10 2.046185848476468386e-05 5.434534136735531124e-02 2.480866057373372513e+00 2.404730542170060714e-01
9.819639278557114048e-01 2.815543124542720125e-10 1.568035525344115512e-05 4.590695959903323686e-02 2.422523845517171814e+00 2.716976501555439238e-01
9.889779559118236918e-01 2.030556691361473327e-10 1.200189921267179572e-05 3.868117124088776143e-02 2.360904852476290561e+00 3.052312277371042049e-01
9.959919839679358677e-01 1.464291270134517908e-10 9.175827414158150381e-06 3.251232103379773919e-02 2.296236874305022546e+00 3.410055145999410509e-01
1.003006012024048044e+00 1.055868583667940264e-10 7.007437334700478602e-06 2.726125388062031196e-02 2.228763255753288153e+00 3.789205296500596787e-01
1.010020040080160442e+00 7.613298700380870001e-11 5.345755578487576019e-06 2.280421884971951460e-02 2.158743583539214139e+00 4.188449930325667814e-01
1.017034068136272618e+00 5.489413167358961690e-11 4.073912100928101971e-06 1.903171437571313587e-02 2.086453695842467315e+00 4.606174627580922332e-01
1.024048096192384794e+00 3.958033755999585404e-11 3.101582379637628838e-06 1.584731013188944021e-02 2.012184996595911990e+00 5.040481751077805495e-01
1.031062124248496970e+00 2.853911477437694830e-11 2.359066416039768339e-06 1.316647449135928058e-02 1.936243093507316493e+00 5.489215424048291547e-01
1.038076152304609145e+00 2.057891569058246074e-11 1.792659953029893382e-06 1.091543047633049789e-02 1.858945806402098500e+00 5.949992403463126855e-01
1.045090180360721543e+00 1.483994216513236246e-11 1.361043306173822958e-06 9.030057696941063208e-03 1.780620616463340244e+00 6.420237987167299876e-01
1.052104208416833719e+00 1.070228983029878686e-11 1.032469639296694407e-06 7.454853042015713825e-03 1.701601646505557452e+00 6.897225946515450623e-01
1.059118236472945895e+00 7.719133412333599774e-12 7.825798539476635383e-07 6.141958810100538180e-03 1.622226277051491472e+00 7.378121371702269782e-01
1.066132264529058071e+00 5.568070020880696829e-12 5.927075394131173289e-07 5.050263541012852721e-03 1.542831512439545971e+00 7.860025257135371257e-01
1.073146292585170247e+00 4.017087609624628543e-12 4.485663820618136098e-07 4.144577988075315994e-03 1.463750215473806682e+00 8.340019639337771240e-01
1.080160320641282645e+00 2.898558030536860447e-12 3.392354524931168318e-07 3.394886408814288149e-03 1.385307328468214028e+00 8.815212128219651611e-01
1.087174348697394821e+00 2.091871584994928104e-12 2.563760408236365259e-07 2.775671589089346702e-03 1.307816193358799950e+00 9.282778740478148105e-01
1.094188376753506997e+00 1.509917702423359271e-12 1.936281461345537433e-07 2.265310690876858740e-03 1.231575074451550122e+00 9.740004046177188624e-01
1.101202404809619173e+00 1.090194181769036460e-12 1.461461055937791496e-07 1.845538065385107784e-03 1.156863975045435700e+00 1.018431776987322124e+00
1.108216432865731571e+00 7.872346484618249629e-13 1.102417989310391046e-07 1.500970541125465742e-03 1.083941824401258414e+00 1.061332713889123536e+00
1.115230460921843747e+00 5.686969544002713259e-13 8.311088657755185587e-08 1.218690325114530921e-03 1.013044095128157407e+00 1.102484443608722886e+00
1.122244488977955923e+00 4.108037570217807907e-13 6.262303890436426297e-08 9.878804936216548441e-04 9.443808938308613232e-01 1.141690938529064114e+00
1.129258517034068099e+00 2.969280908316600864e-13 4.716140250199489378e-08 7.995080514552100909e-04 8.781355505553951613e-01 1.178780616763800637e+00
1.136272545090180275e+00 2.146025854895396100e-13 3.549989953110940883e-08 6.460496661909393215e-04 8.144637158656450326e-01 1.213607502991930653e+00
1.143286573146292673e+00 1.551607447975160191e-13 2.670955191239022595e-08 5.212554022297250953e-04 7.534929588564048819e-01 1.246051859650361804e+00
1.150300601202404849e+00 1.123147647919208688e-13 2.008704828618955824e-08 4.199460608839118247e-04 6.953228455250758389e-01 1.276020313009778029e+00
1.157314629258517025e+00 8.126479413994234111e-14 1.510032930943798882e-08 3.378400536740232382e-04 6.400254650280249313e-01 1.303445510036215893e+00
1.164328657314629201e+00 5.881979103737758204e-14 1.134718082511188026e-08 2.714060780773820398e-04 5.876463616618300412e-01 1.328285351125303215e+00
1.171342685370741599e+00 4.257143143425542944e-14 8.523756681611938065e-09 2.177382135929118118e-04 5.382058230407719135e-01 1.350521850697178117e+00
1.178356713426853775e+00 3.084665349723716514e-14 6.400673066428049872e-09 1.744504000939541000e-04 4.917004698915421468e-01 1.370159682267191759e+00
1.185370741482965951e+00 2.235953300417661236e-14 4.804869083049312624e-09 1.395875919728856043e-04 4.481050900633413714e-01 1.387224467057598165e+00
1.192384769539078126e+00 1.618788905508389123e-14 3.605855928267078600e-09 1.115511948525269525e-04 4.073746585904236550e-01 1.401760865657137201e+00
1.199398797595190302e+00 1.175063108438829793e-14 2.705299936691300190e-09 8.903668303244522536e-05 3.694464867202139069e-01 1.413830530892969950e+00
1.206412825651302700e+00 8.496198796029225745e-15 2.029139220882951740e-09 7.098156326100184938e-05 3.342424454688172619e-01 1.423509977214769018e+00
1.213426853707414876e+00 6.187316857924303729e-15 1.521621317154614344e-09 5.652209305683399951e-05 3.016712131985005430e-01 1.430888417788317657e+00
1.220440881763527052e+00 4.504664405345566151e-15 1.140796974298592300e-09 4.495737974704984235e-05 2.716305016319405796e-01 1.436065615447168486e+00
1.227454909819639228e+00 3.238223965358635165e-15 8.551172810042785564e-10 3.571968041284732947e-05 2.440092203341503174e-01 1.439149787941557568e+00
1.234468937875751404e+00 2.371458223345292077e-15 6.408655300210791703e-10 2.834989430102512957e-05 2.186895457295213452e-01 1.440255601823266174e+00
1.241482965931863802e+00 1.708381682051107238e-15 4.802199324773449513e-10 2.247738953090227650e-05 1.955488669278720726e-01 1.439502283058375243e+00
1.248496993987975978e+00 1.240893810433696240e-15 3.597935840936705078e-10 1.780343682094740702e-05 1.744615867898993422e-01 1.437011866280982098e+00
1.255511022044088154e+00 8.737117549103294229e-16 2.695345232547840418e-10 1.408763631766164363e-05 1.553007625839833428e-01 1.432907598670200899e+00
1.262525050100200330e+00 6.889794878707679773e-16 2.018973928279110540e-10 1.113682120591919379e-05 1.379395761241923590e-01 1.427312508894514442e+00
1.269539078156312728e+00 5.093337103203396087e-16 1.512201759098021004e-10 8.796005400327390348e-06 1.222526283209388193e-01 1.420348146530659994e+00
1.276553106212424904e+00 3.346824733187410785e-16 1.132554274062618044e-10 6.941013900000916634e-06 1.081170575431581182e-01 1.412133492903770771e+00
1.283567134268537080e+00 2.474019874653705583e-16 8.481740303610537813e-11 5.472494897823727821e-06 9.541348503777498380e-02 1.402784040455450354e+00
1.290581162324649256e+00 1.625579507919151746e-16 6.351778975907848449e-11 4.311063864764027424e-06 8.402679386053722721e-02 1.392411034543148851e+00
1.297595190380761432e+00 1.602108924972794713e-16 4.756588335343579846e-11 3.393372884778565458e-06 7.384675034786161718e-02 1.381120869000746154e+00
1.304609218436873830e+00 7.894662904115725380e-17 3.562001161189827167e-11 2.668934610246400989e-06 6.476847912775875182e-02 1.369014624820250603e+00
1.311623246492986006e+00 7.780240936284775764e-17 2.667444595915329893e-11 2.097560386509537878e-06 5.669280407003088329e-02 1.356187739906943301e+00
1.318637274549098182e+00 7.667267118950338742e-17 1.997591952931612271e-11 1.647297218801655017e-06 4.952646846380493600e-02 1.342729796963020528e+00
1.325651302605210358e+00 7.555729700390522895e-17 1.496011728300489489e-11 1.292769120750005044e-06 4.318224814345503898e-02 1.328724416108832296e+00
1.332665330661322756e+00 0.000000000000000000e+00 1.120439205086870731e-11 1.013845654509856183e-06 3.757897132537446616e-02 1.314249238793145036e+00
1.339679358717434932e+00 0.000000000000000000e+00 8.391987942078679446e-12 7.945747267217089087e-07 3.264145863224816174e-02 1.299375989810822807e+00
1.346693386773547108e+00 0.000000000000000000e+00 6.286057000149684411e-12 6.223284342792269242e-07 2.830039623141760580e-02 1.284170604775388025e+00
1.353707414829659283e+00 0.000000000000000000e+00 4.709007918221916422e-12 4.871203911627988053e-07 2.449215425939144097e-02 1.268693411126115667e+00
1.360721442885771459e+00 0.000000000000000000e+00 3.527993533018100189e-12 3.810608480015303813e-07 2.115856180062662337e-02 1.252999351629886737e+00
1.367735470941883857e+00 0.000000000000000000e+00 2.643418228949187481e-12 2.979223641363344091e-07 1.824664868492581124e-02 1.237138240318332860e+00
1.374749498997996033e+00 0.000000000000000000e+00 1.980926180152956295e-12 2.327940403486622392e-07 1.570836330751895077e-02 1.221155041837656219e+00
1.381763527054108209e+00 0.000000000000000000e+00 1.484684254114994256e-12 1.818065931955855595e-07 1.350027459610369900e-02 1.205090166245535999e+00
1.388777555110220385e+00 0.000000000000000000e+00 1.112890648799121248e-12 1.419140144765521783e-07 1.158326518046390828e-02 1.188979772336510532e+00
1.395791583166332783e+00 0.000000000000000000e+00 8.343637758604442887e-13 1.107203685556159201e-07 9.922221787305701701e-03 1.172856073589563453e+00
1.402805611222444959e+00 0.000000000000000000e+00 6.256538761162813273e-13 8.634254926350730392e-08 8.485727904577716751e-03 1.156747641791082692e+00
1.409819639278557135e+00 0.000000000000000000e+00 4.692287551973409787e-13 6.730164489790110897e-08 7.245762849522880203e-03 1.140679704278837914e+00
1.416833667334669311e+00 0.000000000000000000e+00 3.519892798637967412e-13 5.243703836043859229e-08 6.177410542295223850e-03 1.124674431569345767e+00
1.423847695390781487e+00 0.000000000000000000e+00 2.640885367060820571e-13 4.083855182430635026e-08 5.258580537489858722e-03 1.108751212866365909e+00
1.430861723446893885e+00 0.000000000000000000e+00 1.981551639668788210e-13 3.179289632501235741e-08 4.469743201437255745e-03 1.092926917600393288e+00
1.437875751503006061e+00 0.000000000000000000e+00 1.487605930677879937e-13 2.474145077705662809e-08 3.793680342973191309e-03 1.077216141718452258e+00
1.444889779559118237e+00 0.000000000000000000e+00 1.116824342296929082e-13 1.924700296272442044e-08 3.215252106894554013e-03 1.061631437932746058e+00
1.451903807615230413e+00 0.000000000000000000e+00 8.388655242462254374e-14 1.496757255587670862e-08 2.721180518120804200e-03 1.046183529550225089e+00
1.458917835671342811e+00 0.000000000000000000e+00 6.297555421647844521e-14 1.163582606663976281e-08 2.299849715241197943e-03 1.030881507848000700e+00
1.465931863727454987e+00 0.000000000000000000e+00 4.732237490066023769e-14 9.042901265275436274e-09 1.941122628444582167e-03 1.015733013238054872e+00
1.472945891783567163e+00 0.000000000000000000e+00 3.555983036054873890e-14 7.025707757224818638e-09 1.636173632180662951e-03 1.000744400685164237e+00
1.479959919839679339e+00 0.000000000000000000e+00 2.673399755219193344e-14 5.456962201169893143e-09 1.377336530555199222e-03 9.859208900111613438e-01
1.486973947895791515e+00 0.000000000000000000e+00 2.010959224972546520e-14 4.237377023869675875e-09 1.157967106737446987e-03 9.712667018429600452e-01
1.493987975951903913e+00 0.000000000000000000e+00 1.510096418822630146e-14 3.289539951775717493e-09 9.723193801575176877e-04 9.567851800476869784e-01
1.501002004008016089e+00 0.000000000000000000e+00 1.137027161105992591e-14 2.553121938548724775e-09 8.154346609409788942e-04 9.424789015514319912e-01
1.508016032064128265e+00 0.000000000000000000e+00 8.544743900678190200e-15 1.981128411152468057e-09 6.830424642919161356e-04 9.283497744643923744e-01
1.515030060120240440e+00 0.000000000000000000e+00 6.429174203105546134e-15 1.536967140652434775e-09 5.714723433164689559e-04 9.143991254391610202e-01
1.522044088176352616e+00 0.000000000000000000e+00 4.838904725807928202e-15 1.192157061780892024e-09 4.775757125412680615e-04 9.006277771753522510e-01
1.529058116232465014e+00 0.000000000000000000e+00 3.650170815643569056e-15 9.245391379404059801e-10 3.986567621183788215e-04 8.870361169563963921e-01
1.536072144288577190e+00 0.000000000000000000e+00 2.745979577842347272e-15 7.168790099596258774e-10 3.324116009590438801e-04 8.736241570666894996e-01
1.543086172344689366e+00 0.000000000000000000e+00 2.065049086837048066e-15 5.557774723745470778e-10 2.768748128087184760e-04 8.603915878922425708e-01
1.550100200400801542e+00 0.000000000000000000e+00 1.549423726236738026e-15 4.308202102203983678e-10 2.303726600842001451e-04 8.473378244579879981e-01
1.557114228456913940e+00 0.000000000000000000e+00 1.192043570688820807e-15 3.339156516203708535e-10 1.914822240344927064e-04 8.344620471020375296e-01
1.564128256513026116e+00 0.000000000000000000e+00 8.921348071232460324e-16 2.587786585314230613e-10 1.589958247875122323e-04 8.217632369330899467e-01
1.571142284569138292e+00 0.000000000000000000e+00 6.935629241204292996e-16 2.005286191556998081e-10 1.318901197371390535e-04 8.092402066631949609e-01
1.578156312625250468e+00 0.000000000000000000e+00 5.008389377446421979e-16 1.553766420482724747e-10 1.092993324624487098e-04 7.968916273552278939e-01
1.585170340681362644e+00 0.000000000000000000e+00 4.035077327058058598e-16 1.203819918029455335e-10 9.049211615203158312e-05 7.847160515735090991e-01
1.592184368737475042e+00 0.000000000000000000e+00 3.090328172717247068e-16 9.326287639477709364e-11 7.485160475686400406e-05 7.727119333775673837e-01
1.599198396793587218e+00 0.000000000000000000e+00 2.173537439825501188e-16 7.224909834731401595e-11 6.185825141179152129e-05 7.608776455534852490e-01
1.606212424849699394e+00 0.000000000000000000e+00 1.712147265957133982e-16 5.596762839473899174e-11 5.107509681387262110e-05 7.492114944348315930e-01
1.613226452905811570e+00 0.000000000000000000e+00 1.264386703532419860e-16 4.335384408805526974e-11 4.213515009544198446e-05 7.377117326260046459e-01
1.620240480961923968e+00 0.000000000000000000e+00 8.299650929713608100e-17 3.358211608300248416e-11 3.473060125752690171e-05 7.263765699048709834e-01
1.627254509018036144e+00 0.000000000000000000e+00 8.171931315861736916e-17 2.601256781117164128e-11 2.860361748745978859e-05 7.152041825488693050e-01
1.634268537074148320e+00 0.000000000000000000e+00 4.023031148845803491e-17 2.014922591473825363e-11 2.353850577977710014e-05 7.041927212991633267e-01
1.641282565130260496e+00 0.000000000000000000e+00 3.961010254227892430e-17 1.560759560080680457e-11 1.935505135583376695e-05 6.933403181507766799e-01
1.648296593186372672e+00 0.000000000000000000e+00 3.899891384100053229e-17 1.208986869300978151e-11 1.590286561790639209e-05 6.826450921328015564e-01
1.655310621242485070e+00 0.000000000000000000e+00 3.839663043070348063e-17 9.365256926291521623e-12 1.305659896796695229e-05 6.721051542215290553e-01
1.662324649298597246e+00 0.000000000000000000e+00 0.000000000000000000e+00 7.254936944782703729e-12 1.071189297354964530e-05 6.617186115105072597e-01
1.669338677354709422e+00 0.000000000000000000e+00 0.000000000000000000e+00 5.620385132322415291e-12 8.781963279953728857e-06 6.514835707448777269e-01
1.676352705410821597e+00 0.000000000000000000e+00 0.000000000000000000e+00 4.354368029014688210e-12 7.194719553027066944e-06 6.413981413126971232e-01
1.683366733466933773e+00 0.000000000000000000e+00 0.000000000000000000e+00 3.373708866267278505e-12 5.890341783427491399e-06 6.314604377731181106e-01
1.690380761523046171e+00 0.000000000000000000e+00 0.000000000000000000e+00 2.614104031378431547e-12 4.819243683279374038e-06 6.216685819900601429e-01
1.697394789579158347e+00 0.000000000000000000e+00 0.000000000000000000e+00 2.025687331797659703e-12 3.940363831894788858e-06 6.120207049302470725e-01
1.704408817635270523e+00 0.000000000000000000e+00 0.000000000000000000e+00 1.569867515985007879e-12 3.219733843418434604e-06 6.025149481759921599e-01
1.711422845691382699e+00 0.000000000000000000e+00 0.000000000000000000e+00 1.216714459243186085e-12 2.629280288994654732e-06 5.931494651957728292e-01
1.718436873747495097e+00 0.000000000000000000e+00 0.000000000000000000e+00 9.431147950179078831e-13 2.145823542252963337e-06 5.839224224092716131e-01
1.725450901803607273e+00 0.000000000000000000e+00 0.000000000000000000e+00 7.311352507806415422e-13 1.750242260564796884e-06 5.748320000781367289e-01
1.732464929859719449e+00 0.000000000000000000e+00 0.000000000000000000e+00 5.668693034908780686e-13 1.426776972605467776e-06 5.658763930489765226e-01
1.739478957915831625e+00 0.000000000000000000e+00 0.000000000000000000e+00 4.395321676539654795e-13 1.162450319026965481e-06 5.570538113711172024e-01
1.746492985971943801e+00 0.000000000000000000e+00 0.000000000000000000e+00 3.408760002599061370e-13 9.465849782775660282e-07 5.483624808082000479e-01
1.753507014028056199e+00 0.000000000000000000e+00 0.000000000000000000e+00 2.644035046197414354e-13 7.704032798001216152e-07 5.398006432597539650e-01
1.760521042084168375e+00 0.000000000000000000e+00 0.000000000000000000e+00 2.050996350322195793e-13 6.266950338598997500e-07 5.313665571063934667e-01
1.767535070140280551e+00 0.000000000000000000e+00 0.000000000000000000e+00 1.591229394178105629e-13 5.095422562458155520e-07 5.230584974901648643e-01
1.774549098196392727e+00 0.000000000000000000e+00 0.000000000000000000e+00 1.234914389849314557e-13 4.140912829519134825e-07 5.148747565397582271e-01
1.781563126252505125e+00 0.000000000000000000e+00 0.000000000000000000e+00 9.582273524918921545e-14 3.363643111825421085e-07 5.068136435487849978e-01
1.788577154308617301e+00 0.000000000000000000e+00 0.000000000000000000e+00 7.437922964586397619e-14 2.731037003421030600e-07 4.988734851140209092e-01
1.795591182364729477e+00 0.000000000000000000e+00 0.000000000000000000e+00 5.774403091714522155e-14 2.216434639657973494e-07 4.910526252394412094e-01
1.802605210420841653e+00 0.000000000000000000e+00 0.000000000000000000e+00 4.485489587261135991e-14 1.798033037311561660e-07 4.833494254109403365e-01
1.809619238476953829e+00 0.000000000000000000e+00 0.000000000000000000e+00 3.484450662354726066e-14 1.458013115697084704e-07 4.757622646458787297e-01
1.816633266533066227e+00 0.000000000000000000e+00 0.000000000000000000e+00 2.705431893128123553e-14 1.181821154574703313e-07 4.682895395209183409e-01
1.823647294589178403e+00 0.000000000000000000e+00 0.000000000000000000e+00 2.102022928714443053e-14 9.575778766560870514e-08 4.609296641810973205e-01
1.830661322645290578e+00 0.000000000000000000e+00 0.000000000000000000e+00 1.632987178411270041e-14 7.755929010514019432e-08 4.536810703326177863e-01
1.837675350701402754e+00 0.000000000000000000e+00 0.000000000000000000e+00 1.269582455033482220e-14 6.279660986266494115e-08 4.465422072214343396e-01
1.844689378757515152e+00 0.000000000000000000e+00 0.000000000000000000e+00 9.871786680522550957e-15 5.082605612478280859e-08 4.395115415994339525e-01
1.851703406813627328e+00 0.000000000000000000e+00 0.000000000000000000e+00 7.674621949994924174e-15 4.112345256193345829e-08 4.325875576796919808e-01
1.858717434869739504e+00 0.000000000000000000e+00 0.000000000000000000e+00 5.979971432933941497e-15 3.326217854982187178e-08 4.257687570821051537e-01
1.865731462925851680e+00 0.000000000000000000e+00 0.000000000000000000e+00 4.646571331502880057e-15 2.689519607609948136e-08 4.190536587704817295e-01
1.872745490981963856e+00 0.000000000000000000e+00 0.000000000000000000e+00 3.611691905296016677e-15 2.174034835189075537e-08 4.124407989820305653e-01
1.879759519038076254e+00 0.000000000000000000e+00 0.000000000000000000e+00 2.816034514321396707e-15 1.756834372648381612e-08 4.059287311500550666e-01
1.886773547094188430e+00 0.000000000000000000e+00 0.000000000000000000e+00 2.203607730688221917e-15 1.419294033751954204e-08 3.995160258205443515e-01
1.893787575150300606e+00 0.000000000000000000e+00 0.000000000000000000e+00 1.699248323871114069e-15 1.146293404384540017e-08 3.932012705632639826e-01
1.900801603206412782e+00 0.000000000000000000e+00 0.000000000000000000e+00 1.320296764630471685e-15 9.255622070519392758e-09 3.869830698778805589e-01
1.907815631262525180e+00 0.000000000000000000e+00 0.000000000000000000e+00 1.039525131371175978e-15 7.471474295780240855e-09 3.808600450955669792e-01
1.914829659318637356e+00 0.000000000000000000e+00 0.000000000000000000e+00 8.099295531111760116e-16 6.029791161990756882e-09 3.748308342765120926e-01
1.921843687374749532e+00 0.000000000000000000e+00 0.000000000000000000e+00 6.292906706663284164e-16 4.865167864667168541e-09 3.688940921036816256e-01
1.928857715430861708e+00 0.000000000000000000e+00 0.000000000000000000e+00 4.954549979954563997e-16 3.924616577518072804e-09 3.630484897731626193e-01
1.935871743486973884e+00 0.000000000000000000e+00 0.000000000000000000e+00 3.860167045710061105e-16 3.165225591201168239e-09 3.572927148813779263e-01
1.942885771543086282e+00 0.000000000000000000e+00 0.000000000000000000e+00 2.999161983215160929e-16 2.552256060105637850e-09 3.516254713094270623e-01
1.949899799599198458e+00 0.000000000000000000e+00 0.000000000000000000e+00 2.361254297513811550e-16 2.057595503581876328e-09 3.460454791048059864e-01
1.956913827655310634e+00 0.000000000000000000e+00 0.000000000000000000e+00 1.742824310814696051e-16 1.658501724261224256e-09 3.405514743607069295e-01
1.963927855711422810e+00 0.000000000000000000e+00 0.000000000000000000e+00 1.333998995875251939e-16 1.336582975437543458e-09 3.351422090931079900e-01
1.970941883767534986e+00 0.000000000000000000e+00 0.000000000000000000e+00 1.125257455394065981e-16 1.076970550175820986e-09 3.298164511158381829e-01
1.977955911823647384e+00 0.000000000000000000e+00 0.000000000000000000e+00 9.228066310829197197e-17 8.676477379098964276e-10 3.245729839137834749e-01
1.984969939879759560e+00 0.000000000000000000e+00 0.000000000000000000e+00 7.265034126622765263e-17 6.989054950504367277e-10 3.194106065144009521e-01
1.991983967935871735e+00 0.000000000000000000e+00 0.000000000000000000e+00 5.362074477964762319e-17 5.629017004884782905e-10 3.143281333576832814e-01
1.998997995991983911e+00 0.000000000000000000e+00 0.000000000000000000e+00 3.517810981186342311e-17 4.533037498339425947e-10 3.093243941647210171e-01
2.006012024048096087e+00 0.000000000000000000e+00 0.000000000000000000e+00 3.461787914089763351e-17 3.649995019501186469e-10 3.043982338049892045e-01
2.013026052104208485e+00 0.000000000000000000e+00 0.000000000000000000e+00 1.703317075633493945e-17 2.938630055832996469e-10 2.995485121624902325e-01
2.020040080160320883e+00 0.000000000000000000e+00 0.000000000000000000e+00 1.676168447930036516e-17 2.365650736674261186e-10 2.947741040008635127e-01
2.027054108216432837e+00 0.000000000000000000e+00 0.000000000000000000e+00 1.649441759346700777e-17 1.904200955699245824e-10 2.900738988275789465e-01
2.034068136272545235e+00 0.000000000000000000e+00 0.000000000000000000e+00 1.623130778359291570e-17 1.532620731788755816e-10 2.854468007573176536e-01
2.041082164328657189e+00 0.000000000000000000e+00 0.000000000000000000e+00 1.597229355725804076e-17 1.233444426266637112e-10 2.808917283746473204e-01
2.048096192384769587e+00 0.000000000000000000e+00 0.000000000000000000e+00 0.000000000000000000e+00 9.925917898879595429e-11 2.764076145960771558e-01
2.055110220440881985e+00 0.000000000000000000e+00 0.000000000000000000e+00 0.000000000000000000e+00 7.987137060228764626e-11 2.719934065315975369e-01
2.062124248496993939e+00 0.000000000000000000e+00 0.000000000000000000e+00 0.000000000000000000e+00 6.426639208317251896e-11 2.676480653457822267e-01
2.069138276553106337e+00 0.000000000000000000e+00 0.000000000000000000e+00 0.000000000000000000e+00 5.170734424316296299e-11 2.633705661185388180e-01
2.076152304609218291e+00 0.000000000000000000e+00 0.000000000000000000e+00 0.000000000000000000e+00 4.160053218644305331e-11 2.591598977055916131e-01
2.083166332665330689e+00 0.000000000000000000e+00 0.000000000000000000e+00 0.000000000000000000e+00 3.346778086497771278e-11 2.550150625987668840e-01
2.090180360721443087e+00 0.000000000000000000e+00 0.000000000000000000e+00 0.000000000000000000e+00 2.692396699395985438e-11 2.509350767861578402e-01
2.097194388777555041e+00 0.000000000000000000e+00 0.000000000000000000e+00 0.000000000000000000e+00 2.165899452003356860e-11 2.469189696122342792e-01
2.104208416833667439e+00 0.000000000000000000e+00 0.000000000000000000e+00 0.000000000000000000e+00 1.742317823143783833e-11 2.429657836379684743e-01
2.111222444889779393e+00 0.000000000000000000e+00 0.000000000000000000e+00 0.000000000000000000e+00 1.401552363875560374e-11 2.390745745010366963e-01
2.118236472945891791e+00 0.000000000000000000e+00 0.000000000000000000e+00 0.000000000000000000e+00 1.127420989493408968e-11 2.352444107761563485e-01
2.125250501002004189e+00 0.000000000000000000e+00 0.000000000000000000e+00 0.000000000000000000e+00 9.069032456804896206e-12 2.314743738356221103e-01
2.132264529058116143e+00 0.000000000000000000e+00 0.000000000000000000e+00 0.000000000000000000e+00 7.295180978177915810e-12 2.277635577100847186e-01
2.139278557114228541e+00 0.000000000000000000e+00 0.000000000000000000e+00 0.000000000000000000e+00 5.868327347502031258e-12 2.241110689496405017e-01
2.146292585170340494e+00 0.000000000000000000e+00 0.000000000000000000e+00 0.000000000000000000e+00 4.720607737251827159e-12 2.205160264852678020e-01
2.153306613226452892e+00 0.000000000000000000e+00 0.000000000000000000e+00 0.000000000000000000e+00 3.797434050297900759e-12 2.169775614906628014e-01
2.160320641282565290e+00 0.000000000000000000e+00 0.000000000000000000e+00 0.000000000000000000e+00 3.054867951992741018e-12 2.134948172445251535e-01
2.167334669338677244e+00 0.000000000000000000e+00 0.000000000000000000e+00 0.000000000000000000e+00 2.457580744747012687e-12 2.100669489933257583e-01
2.174348697394789642e+00 0.000000000000000000e+00 0.000000000000000000e+00 0.000000000000000000e+00 1.977147406295199108e-12 2.066931238146103578e-01
2.181362725450902040e+00 0.000000000000000000e+00 0.000000000000000000e+00 0.000000000000000000e+00 1.590692937504822972e-12 2.033725204808672915e-01
2.188376753507013994e+00 0.000000000000000000e+00 0.000000000000000000e+00 0.000000000000000000e+00 1.279837005172112390e-12 2.001043293240035992e-01
2.195390781563126392e+00 0.000000000000000000e+00 0.000000000000000000e+00 0.000000000000000000e+00 1.029776387613690094e-12 1.968877521004583075e-01
2.202404809619238346e+00 0.000000000000000000e+00 0.000000000000000000e+00 0.000000000000000000e+00 8.286260675809525941e-13 1.937220018569954794e-01
2.209418837675350744e+00 0.000000000000000000e+00 0.000000000000000000e+00 0.000000000000000000e+00 6.668005192207814271e-13 1.906063027971968971e-01
2.216432865731463142e+00 0.000000000000000000e+00 0.000000000000000000e+00 0.000000000000000000e+00 5.366138750442131550e-13 1.875398901486963754e-01
2.223446893787575096e+00 0.000000000000000000e+00 0.000000000000000000e+00 0.000000000000000000e+00 4.318793171668788812e-13 1.845220100311734113e-01
2.230460921843687494e+00 0.000000000000000000e+00 0.000000000000000000e+00 0.000000000000000000e+00 3.476122119616989736e-13 1.815519193251395602e-01
2.237474949899799448e+00 0.000000000000000000e+00 0.000000000000000000e+00 0.000000000000000000e+00 2.798070691097078202e-13 1.786288855415417987e-01
2.244488977955911846e+00 0.000000000000000000e+00 0.000000000000000000e+00 0.000000000000000000e+00 2.252516570750209475e-13 1.757521866922022447e-01
2.251503006012024244e+00 0.000000000000000000e+00 0.000000000000000000e+00 0.000000000000000000e+00 1.813458525396709477e-13 1.729211111611240470e-01
2.258517034068136198e+00 0.000000000000000000e+00 0.000000000000000000e+00 0.000000000000000000e+00 1.460120653236181845e-13 1.701349575766769318e-01
2.265531062124248596e+00 0.000000000000000000e+00 0.000000000000000000e+00 0.000000000000000000e+00 1.175743478918362623e-13 1.673930346846864980e-01
2.272545090180360550e+00 0.000000000000000000e+00 0.000000000000000000e+00 0.000000000000000000e+00 9.468454969580655891e-14 1.646946612224445827e-01
2.279559118236472948e+00 0.000000000000000000e+00 0.000000000000000000e+00 0.000000000000000000e+00 7.625419531474262596e-14 1.620391657936581520e-01
2.286573146292585346e+00 0.000000000000000000e+00 0.000000000000000000e+00 0.000000000000000000e+00 6.142781092403911257e-14 1.594258867443513195e-01
2.293587174348697300e+00 0.000000000000000000e+00 0.000000000000000000e+00 0.000000000000000000e+00 4.947818209466029213e-14 1.568541720397373107e-01
2.300601202404809698e+00 0.000000000000000000e+00 0.000000000000000000e+00 0.000000000000000000e+00 3.986780882381896230e-14 1.543233791420717538e-01
2.307615230460921651e+00 0.000000000000000000e+00 0.000000000000000000e+00 0.000000000000000000e+00 3.212388561500340931e-14 1.518328748895041436e-01
2.314629258517034049e+00 0.000000000000000000e+00 0.000000000000000000e+00 0.000000000000000000e+00 2.588500244366903734e-14 1.493820353759333919e-01
2.321643286573146447e+00 0.000000000000000000e+00 0.000000000000000000e+00 0.000000000000000000e+00 2.086840114771669520e-14 1.469702458318843663e-01
2.328657314629258401e+00 0.000000000000000000e+00 0.000000000000000000e+00 0.000000000000000000e+00 1.681550106631862144e-14 1.445969005064101365e-01
2.335671342685370799e+00 0.000000000000000000e+00 0.000000000000000000e+00 0.000000000000000000e+00 1.355491039982169607e-14 1.422614025500315293e-01
2.342685370741483197e+00 0.000000000000000000e+00 0.000000000000000000e+00 0.000000000000000000e+00 1.093277509013838615e-14 1.399631638987219040e-01
2.349699398797595151e+00 0.000000000000000000e+00 0.000000000000000000e+00 0.000000000000000000e+00 8.819552297666722090e-15 1.377016051589434742e-01
2.356713426853707549e+00 0.000000000000000000e+00 0.000000000000000000e+00 0.000000000000000000e+00 7.108419676443286211e-15 1.354761554937422285e-01
2.363727454909819503e+00 0.000000000000000000e+00 0.000000000000000000e+00 0.000000000000000000e+00 5.736339031981137212e-15 1.332862525099066109e-01
2.370741482965931901e+00 0.000000000000000000e+00 0.000000000000000000e+00 0.000000000000000000e+00 4.628934187038277835e-15 1.311313421461947348e-01
2.377755511022044299e+00 0.000000000000000000e+00 0.000000000000000000e+00 0.000000000000000000e+00 3.730703858061694359e-15 1.290108785626346011e-01
2.384769539078156253e+00 0.000000000000000000e+00 0.000000000000000000e+00 0.000000000000000000e+00 3.010846620031686790e-15 1.269243240309005649e-01
2.391783567134268651e+00 0.000000000000000000e+00 0.000000000000000000e+00 0.000000000000000000e+00 2.433188106063625446e-15 1.248711488257673585e-01
2.398797595190380605e+00 0.000000000000000000e+00 0.000000000000000000e+00 0.000000000000000000e+00 1.963627099200938778e-15 1.228508311176455536e-01
2.405811623246493003e+00 0.000000000000000000e+00 0.000000000000000000e+00 0.000000000000000000e+00 1.583708774716598244e-15 1.208628568661982983e-01
2.412825651302605401e+00 0.000000000000000000e+00 0.000000000000000000e+00 0.000000000000000000e+00 1.282727035169976432e-15 1.189067197150381200e-01
2.419839679358717355e+00 0.000000000000000000e+00 0.000000000000000000e+00 0.000000000000000000e+00 1.037320315198939483e-15 1.169819208875085004e-01
2.426853707414829753e+00 0.000000000000000000e+00 0.000000000000000000e+00 0.000000000000000000e+00 8.385213390099866845e-16 1.150879690835398123e-01
2.433867735470941707e+00 0.000000000000000000e+00 0.000000000000000000e+00 0.000000000000000000e+00 6.778604577589749994e-16 1.132243803775882934e-01
2.440881763527054105e+00 0.000000000000000000e+00 0.000000000000000000e+00 0.000000000000000000e+00 5.473467996644677701e-16 1.113906781176449839e-01
2.447895791583166503e+00 0.000000000000000000e+00 0.000000000000000000e+00 0.000000000000000000e+00 4.394499943880305254e-16 1.095863928253174580e-01
2.454909819639278457e+00 0.000000000000000000e+00 0.000000000000000000e+00 0.000000000000000000e+00 3.592607886772970014e-16 1.078110620969746497e-01
2.461923847695390855e+00 0.000000000000000000e+00 0.000000000000000000e+00 0.000000000000000000e+00 2.875442356714039647e-16 1.060642305059493196e-01
2.468937875751502808e+00 0.000000000000000000e+00 0.000000000000000000e+00 0.000000000000000000e+00 2.357371282811648129e-16 1.043454495057924980e-01
2.475951903807615206e+00 0.000000000000000000e+00 0.000000000000000000e+00 0.000000000000000000e+00 1.913310580791554488e-16 1.026542773345647669e-01
2.482965931863727604e+00 0.000000000000000000e+00 0.000000000000000000e+00 0.000000000000000000e+00 1.540060632563215573e-16 1.009902789201577999e-01
2.489979959919839558e+00 0.000000000000000000e+00 0.000000000000000000e+00 0.000000000000000000e+00 1.234520377337300123e-16 9.935302578663041118e-02
2.496993987975951956e+00 0.000000000000000000e+00 0.000000000000000000e+00 0.000000000000000000e+00 9.936847788999780964e-17 9.774209596154211088e-02
2.504008016032064354e+00 0.000000000000000000e+00 0.000000000000000000e+00 0.000000000000000000e+00 8.146423497278130171e-17 9.615707388426673885e-02
2.511022044088176308e+00 0.000000000000000000e+00 0.000000000000000000e+00 0.000000000000000000e+00 6.411440592365450849e-17 9.459755031526323465e-02
2.518036072144288706e+00 0.000000000000000000e+00 0.000000000000000000e+00 0.000000000000000000e+00 5.256202719151614880e-17 9.306312224627832919e-02
2.525050100200400660e+00 0.000000000000000000e+00 0.000000000000000000e+00 0.000000000000000000e+00 4.136746608615470657e-17 9.155339281145101482e-02
2.532064128256513058e+00 0.000000000000000000e+00 0.000000000000000000e+00 0.000000000000000000e+00 3.560925699393035157e-17 9.006797119928561246e-02
2.539078156312625456e+00 0.000000000000000000e+00 0.000000000000000000e+00 0.000000000000000000e+00 3.002694805630732267e-17 8.860647256545189920e-02
2.546092184368737410e+00 0.000000000000000000e+00 0.000000000000000000e+00 0.000000000000000000e+00 2.461637873420240576e-17 8.716851794636969186e-02
2.553106212424849808e+00 0.000000000000000000e+00 0.000000000000000000e+00 0.000000000000000000e+00 1.937347540707932961e-17 8.575373417352506744e-02
2.560120240480961762e+00 0.000000000000000000e+00 0.000000000000000000e+00 0.000000000000000000e+00 1.429424971983562353e-17 8.436175378845808814e-02
2.567134268537074160e+00 0.000000000000000000e+00 0.000000000000000000e+00 0.000000000000000000e+00 1.406219543689375654e-17 8.299221495835873430e-02
2.574148296593186558e+00 0.000000000000000000e+00 0.000000000000000000e+00 0.000000000000000000e+00 9.222588900688167982e-18 8.164476139219284390e-02
2.581162324649298512e+00 0.000000000000000000e+00 0.000000000000000000e+00 0.000000000000000000e+00 9.072836023334004187e-18 8.031904225727540259e-02
2.588176352705410910e+00 0.000000000000000000e+00 0.000000000000000000e+00 0.000000000000000000e+00 4.462749658788662846e-18 7.901471209619537195e-02
2.595190380761522864e+00 0.000000000000000000e+00 0.000000000000000000e+00 0.000000000000000000e+00 4.390270188096808198e-18 7.773143074398941588e-02
2.602204408817635262e+00 0.000000000000000000e+00 0.000000000000000000e+00 0.000000000000000000e+00 4.318960692160241755e-18 7.646886324544414915e-02
2.609218436873747660e+00 0.000000000000000000e+00 0.000000000000000000e+00 0.000000000000000000e+00 4.248802555432260111e-18 7.522667977240347914e-02
2.616232464929859614e+00 0.000000000000000000e+00 0.000000000000000000e+00 0.000000000000000000e+00 4.179777450008094190e-18 7.400455554093436639e-02
2.623246492985972012e+00 0.000000000000000000e+00 0.000000000000000000e+00 0.000000000000000000e+00 4.111867331436325158e-18 7.280217072820478752e-02
2.630260521042084410e+00 0.000000000000000000e+00 0.000000000000000000e+00 0.000000000000000000e+00 0.000000000000000000e+00 7.161921038890187163e-02
2.637274549098196363e+00 0.000000000000000000e+00 0.000000000000000000e+00 0.000000000000000000e+00 0.000000000000000000e+00 7.045536437101582172e-02
2.644288577154308761e+00 0.000000000000000000e+00 0.000000000000000000e+00 0.000000000000000000e+00 0.000000000000000000e+00 6.931032723079666447e-02
2.651302605210420715e+00 0.000000000000000000e+00 0.000000000000000000e+00 0.000000000000000000e+00 0.000000000000000000e+00 6.818379814668355798e-02
2.658316633266533113e+00 0.000000000000000000e+00 0.000000000000000000e+00 0.000000000000000000e+00 0.000000000000000000e+00 6.707548083199205147e-02
2.665330661322645511e+00 0.000000000000000000e+00 0.000000000000000000e+00 0.000000000000000000e+00 0.000000000000000000e+00 6.598508344613961130e-02
2.672344689378757465e+00 0.000000000000000000e+00 0.000000000000000000e+00 0.000000000000000000e+00 0.000000000000000000e+00 6.491231850417805704e-02
2.679358717434869863e+00 0.000000000000000000e+00 0.000000000000000000e+00 0.000000000000000000e+00 0.000000000000000000e+00 6.385690278439939971e-02
2.686372745490981817e+00 0.000000000000000000e+00 0.000000000000000000e+00 0.000000000000000000e+00 0.000000000000000000e+00 6.281855723377878509e-02
2.693386773547094215e+00 0.000000000000000000e+00 0.000000000000000000e+00 0.000000000000000000e+00 0.000000000000000000e+00 6.179700687101583045e-02
2.700400801603206613e+00 0.000000000000000000e+00 0.000000000000000000e+00 0.000000000000000000e+00 0.000000000000000000e+00 6.079198068694516982e-02
2.707414829659318567e+00 0.000000000000000000e+00 0.000000000000000000e+00 0.000000000000000000e+00 0.000000000000000000e+00 5.980321154208908391e-02
2.714428857715430965e+00 0.000000000000000000e+00 0.000000000000000000e+00 0.000000000000000000e+00 0.000000000000000000e+00 5.883043606114363167e-02
2.721442885771542919e+00 0.000000000000000000e+00 0.000000000000000000e+00 0.000000000000000000e+00 0.000000000000000000e+00 5.787339452420472985e-02
2.728456913827655317e+00 0.000000000000000000e+00 0.000000000000000000e+00 0.000000000000000000e+00 0.000000000000000000e+00 5.693183075456528103e-02
2.735470941883767715e+00 0.000000000000000000e+00 0.000000000000000000e+00 0.000000000000000000e+00 0.000000000000000000e+00 5.600549200294386437e-02
2.742484969939879669e+00 0.000000000000000000e+00 0.000000000000000000e+00 0.000000000000000000e+00 0.000000000000000000e+00 5.509412882804182177e-02
2.749498997995992067e+00 0.000000000000000000e+00 0.000000000000000000e+00 0.000000000000000000e+00 0.000000000000000000e+00 5.419749497336798227e-02
2.756513026052104021e+00 0.000000000000000000e+00 0.000000000000000000e+00 0.000000000000000000e+00 0.000000000000000000e+00 5.331534724031998518e-02
2.763527054108216419e+00 0.000000000000000000e+00 0.000000000000000000e+00 0.000000000000000000e+00 0.000000000000000000e+00 5.244744535756776932e-02
2.770541082164328817e+00 0.000000000000000000e+00 0.000000000000000000e+00 0.000000000000000000e+00 0.000000000000000000e+00 5.159355184684655954e-02
2.777555110220440771e+00 0.000000000000000000e+00 0.000000000000000000e+00 0.000000000000000000e+00 0.000000000000000000e+00 5.075343188533767980e-02
2.784569138276553169e+00 0.000000000000000000e+00 0.000000000000000000e+00 0.000000000000000000e+00 0.000000000000000000e+00 4.992685316489334918e-02
2.791583166332665567e+00 0.000000000000000000e+00 0.000000000000000000e+00 0.000000000000000000e+00 0.000000000000000000e+00 4.911358574843980446e-02
2.798597194388777520e+00 0.000000000000000000e+00 0.000000000000000000e+00 0.000000000000000000e+00 0.000000000000000000e+00 4.831340192398487360e-02
2.805611222444889918e+00 0.000000000000000000e+00 0.000000000000000000e+00 0.000000000000000000e+00 0.000000000000000000e+00 4.752607605674560864e-02
2.812625250501001872e+00 0.000000000000000000e+00 0.000000000000000000e+00 0.000000000000000000e+00 0.000000000000000000e+00 4.675138444000832144e-02
2.819639278557114270e+00 0.000000000000000000e+00 0.000000000000000000e+00 0.000000000000000000e+00 0.000000000000000000e+00 4.598910514543209926e-02
2.826653306613226668e+00 0.000000000000000000e+00 0.000000000000000000e+00 0.000000000000000000e+00 0.000000000000000000e+00 4.523901787360445903e-02
2.833667334669338622e+00 0.000000000000000000e+00 0.000000000000000000e+00 0.000000000000000000e+00 0.000000000000000000e+00 4.450090380576085525e-02
2.840681362725451020e+00 0.000000000000000000e+00 0.000000000000000000e+00 0.000000000000000000e+00 0.000000000000000000e+00 4.377454545767243271e-02
2.847695390781562974e+00 0.000000000000000000e+00 0.000000000000000000e+00 0.000000000000000000e+00 0.000000000000000000e+00 4.305972653680596035e-02
2.854709418837675372e+00 0.000000000000000000e+00 0.000000000000000000e+00 0.000000000000000000e+00 0.000000000000000000e+00 4.235623180394534198e-02
2.861723446893787770e+00 0.000000000000000000e+00 0.000000000000000000e+00 0.000000000000000000e+00 0.000000000000000000e+00 4.166384694054837273e-02
2.868737474949899724e+00 0.000000000000000000e+00 0.000000000000000000e+00 0.000000000000000000e+00 0.000000000000000000e+00 4.098235842318531663e-02
2.875751503006012122e+00 0.000000000000000000e+00 0.000000000000000000e+00 0.000000000000000000e+00 0.000000000000000000e+00 4.031155340646851853e-02
2.882765531062124076e+00 0.000000000000000000e+00 0.000000000000000000e+00 0.000000000000000000e+00 0.000000000000000000e+00 3.965121961593348621e-02
2.889779559118236474e+00 0.000000000000000000e+00 0.000000000000000000e+00 0.000000000000000000e+00 0.000000000000000000e+00 3.900114525236621915e-02
2.896793587174348872e+00 0.000000000000000000e+00 0.000000000000000000e+00 0.000000000000000000e+00 0.000000000000000000e+00 3.836111890909345984e-02
2.903807615230460826e+00 0.000000000000000000e+00 0.000000000000000000e+00 0.000000000000000000e+00 0.000000000000000000e+00 3.773092950375354221e-02
2.910821643286573224e+00 0.000000000000000000e+00 0.000000000000000000e+00 0.000000000000000000e+00 0.000000000000000000e+00 3.711036622604811652e-02
2.917835671342685622e+00 0.000000000000000000e+00 0.000000000000000000e+00 0.000000000000000000e+00 0.000000000000000000e+00 3.649921850294093190e-02
2.924849699398797576e+00 0.000000000000000000e+00 0.000000000000000000e+00 0.000000000000000000e+00 0.000000000000000000e+00 3.589727598270803233e-02
2.931863727454909974e+00 0.000000000000000000e+00 0.000000000000000000e+00 0.000000000000000000e+00 0.000000000000000000e+00 3.530432853916634639e-02
2.938877755511021928e+00 0.000000000000000000e+00 0.000000000000000000e+00 0.000000000000000000e+00 0.000000000000000000e+00 3.472016629730584336e-02
2.945891783567134325e+00 0.000000000000000000e+00 0.000000000000000000e+00 0.000000000000000000e+00 0.000000000000000000e+00 3.414457968142233651e-02
2.952905811623246723e+00 0.000000000000000000e+00 0.000000000000000000e+00 0.000000000000000000e+00 0.000000000000000000e+00 3.357735948670732828e-02
2.959919839679358677e+00 0.000000000000000000e+00 0.000000000000000000e+00 0.000000000000000000e+00 0.000000000000000000e+00 3.301829697507820127e-02
2.966933867735471075e+00 0.000000000000000000e+00 0.000000000000000000e+00 0.000000000000000000e+00 0.000000000000000000e+00 3.246718399584683223e-02
2.973947895791583029e+00 0.000000000000000000e+00 0.000000000000000000e+00 0.000000000000000000e+00 0.000000000000000000e+00 3.192381313161854473e-02
2.980961923847695427e+00 0.000000000000000000e+00 0.000000000000000000e+00 0.000000000000000000e+00 0.000000000000000000e+00 3.138797786958598401e-02
2.987975951903807825e+00 0.000000000000000000e+00 0.000000000000000000e+00 0.000000000000000000e+00 0.000000000000000000e+00 3.085947279814611408e-02
2.994989979959919779e+00 0.000000000000000000e+00 0.000000000000000000e+00 0.000000000000000000e+00 0.000000000000000000e+00 3.033809382851629724e-02
3.002004008016032177e+00 0.000000000000000000e+00 0.000000000000000000e+00 0.000000000000000000e+00 0.000000000000000000e+00 2.982363844076151016e-02
3.009018036072144131e+00 0.000000000000000000e+00 0.000000000000000000e+00 0.000000000000000000e+00 0.000000000000000000e+00 2.931590595337802557e-02
3.016032064128256529e+00 0.000000000000000000e+00 0.000000000000000000e+00 0.000000000000000000e+00 0.000000000000000000e+00 2.881469781530527491e-02
3.023046092184368927e+00 0.000000000000000000e+00 0.000000000000000000e+00 0.000000000000000000e+00 0.000000000000000000e+00 2.831981791896407211e-02
3.030060120240480881e+00 0.000000000000000000e+00 0.000000000000000000e+00 0.000000000000000000e+00 0.000000000000000000e+00 2.783107293264962950e-02
3.037074148296593279e+00 0.000000000000000000e+00 0.000000000000000000e+00 0.000000000000000000e+00 0.000000000000000000e+00 2.734827265034361216e-02
3.044088176352705233e+00 0.000000000000000000e+00 0.000000000000000000e+00 0.000000000000000000e+00 0.000000000000000000e+00 2.687123035675855268e-02
3.051102204408817631e+00 0.000000000000000000e+00 0.000000000000000000e+00 0.000000000000000000e+00 0.000000000000000000e+00 2.639976320518403266e-02
3.058116232464930029e+00 0.000000000000000000e+00 0.000000000000000000e+00 0.000000000000000000e+00 0.000000000000000000e+00 2.593369260548715471e-02
3.065130260521041983e+00 0.000000000000000000e+00 0.000000000000000000e+00 0.000000000000000000e+00 0.000000000000000000e+00 2.547284461941412906e-02
3.072144288577154381e+00 0.000000000000000000e+00 0.000000000000000000e+00 0.000000000000000000e+00 0.000000000000000000e+00 2.501705036016510855e-02
3.079158316633266779e+00 0.000000000000000000e+00 0.000000000000000000e+00 0.000000000000000000e+00 0.000000000000000000e+00 2.456614639306170522e-02
3.086172344689378733e+00 0.000000000000000000e+00 0.000000000000000000e+00 0.000000000000000000e+00 0.000000000000000000e+00 2.411997513400594359e-02
3.093186372745491131e+00 0.000000000000000000e+00 0.000000000000000000e+00 0.000000000000000000e+00 0.000000000000000000e+00 2.367838524233878764e-02
3.100200400801603084e+00 0.000000000000000000e+00 0.000000000000000000e+00 0.000000000000000000e+00 0.000000000000000000e+00 2.324123200464997194e-02
3.107214428857715482e+00 0.000000000000000000e+00 0.000000000000000000e+00 0.000000000000000000e+00 0.000000000000000000e+00 2.280837770606885737e-02
3.114228456913827880e+00 0.000000000000000000e+00 0.000000000000000000e+00 0.000000000000000000e+00 0.000000000000000000e+00 2.237969198557954523e-02
3.121242484969939834e+00 0.000000000000000000e+00 0.000000000000000000e+00 0.000000000000000000e+00 0.000000000000000000e+00 2.195505217195390518e-02
3.128256513026052232e+00 0.000000000000000000e+00 0.000000000000000000e+00 0.000000000000000000e+00 0.000000000000000000e+00 2.153434359698207928e-02
3.135270541082164186e+00 0.000000000000000000e+00 0.000000000000000000e+00 0.000000000000000000e+00 0.000000000000000000e+00 2.111745988280293307e-02
3.142284569138276584e+00 0.000000000000000000e+00 0.000000000000000000e+00 0.000000000000000000e+00 0.000000000000000000e+00 2.070430320029344184e-02
3.149298597194388982e+00 0.000000000000000000e+00 0.000000000000000000e+00 0.000000000000000000e+00 0.000000000000000000e+00 2.029478449566647635e-02
3.156312625250500936e+00 0.000000000000000000e+00 0.000000000000000000e+00 0.000000000000000000e+00 0.000000000000000000e+00 1.988882368264985670e-02
3.163326653306613334e+00 0.000000000000000000e+00 0.000000000000000000e+00 0.000000000000000000e+00 0.000000000000000000e+00 1.948634979786986049e-02
3.170340681362725288e+00 0.000000000000000000e+00 0.000000000000000000e+00 0.000000000000000000e+00 0.000000000000000000e+00 1.908730111734189064e-02
3.177354709418837686e+00 0.000000000000000000e+00 0.000000000000000000e+00 0.000000000000000000e+00 0.000000000000000000e+00 1.869162523227292302e-02
3.184368737474950084e+00 0.000000000000000000e+00 0.000000000000000000e+00 0.000000000000000000e+00 0.000000000000000000e+00 1.829927908270315151e-02
3.191382765531062038e+00 0.000000000000000000e+00 0.000000000000000000e+00 0.000000000000000000e+00 0.000000000000000000e+00 1.791022894785387551e-02
3.198396793587174436e+00 0.000000000000000000e+00 0.000000000000000000e+00 0.000000000000000000e+00 0.000000000000000000e+00 1.752445039240099756e-02
3.205410821643286390e+00 0.000000000000000000e+00 0.000000000000000000e+00 0.000000000000000000e+00 0.000000000000000000e+00 1.714192816825718321e-02
3.212424849699398788e+00 0.000000000000000000e+00 0.000000000000000000e+00 0.000000000000000000e+00 0.000000000000000000e+00 1.676265607181040215e-02
3.219438877755511186e+00 0.000000000000000000e+00 0.000000000000000000e+00 0.000000000000000000e+00 0.000000000000000000e+00 1.638663675693769958e-02
3.226452905811623140e+00 0.000000000000000000e+00 0.000000000000000000e+00 0.000000000000000000e+00 0.000000000000000000e+00 1.601388150447641961e-02
3.233466933867735538e+00 0.000000000000000000e+00 0.000000000000000000e+00 0.000000000000000000e+00 0.000000000000000000e+00 1.564440994919564024e-02
3.240480961923847936e+00 0.000000000000000000e+00 0.000000000000000000e+00 0.000000000000000000e+00 0.000000000000000000e+00 1.527824976565768378e-02
3.247494989979959890e+00 0.000000000000000000e+00 0.000000000000000000e+00 0.000000000000000000e+00 0.000000000000000000e+00 1.491543631469418457e-02
3.254509018036072288e+00 0.000000000000000000e+00 0.000000000000000000e+00 0.000000000000000000e+00 0.000000000000000000e+00 1.455601225253671735e-02
3.261523046092184241e+00 0.000000000000000000e+00 0.000000000000000000e+00 0.000000000000000000e+00 0.000000000000000000e+00 1.420002710493826169e-02
3.268537074148296639e+00 0.000000000000000000e+00 0.000000000000000000e+00 0.000000000000000000e+00 0.000000000000000000e+00 1.384753680889266002e-02
3.275551102204409037e+00 0.000000000000000000e+00 0.000000000000000000e+00 0.000000000000000000e+00 0.000000000000000000e+00 1.349860322480502493e-02
3.282565130260520991e+00 0.000000000000000000e+00 0.000000000000000000e+00 0.000000000000000000e+00 0.000000000000000000e+00 1.315329362218278439e-02
3.289579158316633389e+00 0.000000000000000000e+00 0.000000000000000000e+00 0.000000000000000000e+00 0.000000000000000000e+00 1.281168014210389179e-02
3.296593186372745343e+00 0.000000000000000000e+00 0.000000000000000000e+00 0.000000000000000000e+00 0.000000000000000000e+00 1.247383923987366305e-02
3.303607214428857741e+00 0.000000000000000000e+00 0.000000000000000000e+00 0.000000000000000000e+00 0.000000000000000000e+00 1.213985111140372490e-02
3.310621242484970139e+00 0.000000000000000000e+00 0.000000000000000000e+00 0.000000000000000000e+00 0.000000000000000000e+00 1.180979910693643123e-02
3.317635270541082093e+00 0.000000000000000000e+00 0.000000000000000000e+00 0.000000000000000000e+00 0.000000000000000000e+00 1.148376913579261457e-02
3.324649298597194491e+00 0.000000000000000000e+00 0.000000000000000000e+00 0.000000000000000000e+00 0.000000000000000000e+00 1.116184906584340858e-02
3.331663326653306445e+00 0.000000000000000000e+00 0.000000000000000000e+00 0.000000000000000000e+00 0.000000000000000000e+00 1.084412812139608218e-02
3.338677354709418843e+00 0.000000000000000000e+00 0.000000000000000000e+00 0.000000000000000000e+00 0.000000000000000000e+00 1.053069628314101842e-02
3.345691382765531241e+00 0.000000000000000000e+00 0.000000000000000000e+00 0.000000000000000000e+00 0.000000000000000000e+00 1.022164369373459135e-02
3.352705410821643195e+00 0.000000000000000000e+00 0.000000000000000000e+00 0.000000000000000000e+00 0.000000000000000000e+00 9.917060072489014902e-03
3.359719438877755593e+00 0.000000000000000000e+00 0.000000000000000000e+00 0.000000000000000000e+00 0.000000000000000000e+00 9.617034142511729847e-03
3.366733466933867547e+00 0.000000000000000000e+00 0.000000000000000000e+00 0.000000000000000000e+00 0.000000000000000000e+00 9.321653073481784083e-03
3.373747494989979945e+00 0.000000000000000000e+00 0.000000000000000000e+00 0.000000000000000000e+00 0.000000000000000000e+00 9.031001943071440691e-03
3.380761523046092343e+00 0.000000000000000000e+00 0.000000000000000000e+00 0.000000000000000000e+00 0.000000000000000000e+00 8.745163219824356876e-03
3.387775551102204297e+00 0.000000000000000000e+00 0.000000000000000000e+00 0.000000000000000000e+00 0.000000000000000000e+00 8.464216270083745400e-03
3.394789579158316695e+00 0.000000000000000000e+00 0.000000000000000000e+00 0.000000000000000000e+00 0.000000000000000000e+00 8.188236891331931652e-03
3.401803607214429093e+00 0.000000000000000000e+00 0.000000000000000000e+00 0.000000000000000000e+00 0.000000000000000000e+00 7.917296874058872905e-03
3.408817635270541047e+00 0.000000000000000000e+00 0.000000000000000000e+00 0.000000000000000000e+00 0.000000000000000000e+00 7.651463594021379669e-03
3.415831663326653445e+00 0.000000000000000000e+00 0.000000000000000000e+00 0.000000000000000000e+00 0.000000000000000000e+00 7.390799636493599126e-03
3.422845691382765398e+00 0.000000000000000000e+00 0.000000000000000000e+00 0.000000000000000000e+00 0.000000000000000000e+00 7.135362453843193190e-03
3.429859719438877796e+00 0.000000000000000000e+00 0.000000000000000000e+00 0.000000000000000000e+00 0.000000000000000000e+00 6.885204057498902144e-03
3.436873747494990194e+00 0.000000000000000000e+00 0.000000000000000000e+00 0.000000000000000000e+00 0.000000000000000000e+00 6.640370745108458046e-03
3.443887775551102148e+00 0.000000000000000000e+00 0.000000000000000000e+00 0.000000000000000000e+00 0.000000000000000000e+00 6.400902863421334410e-03
3.450901803607214546e+00 0.000000000000000000e+00 0.000000000000000000e+00 0.000000000000000000e+00 0.000000000000000000e+00 6.166834607171839226e-03
3.457915831663326500e+00 0.000000000000000000e+00 0.000000000000000000e+00 0.000000000000000000e+00 0.000000000000000000e+00 5.938193853987631075e-03
3.464929859719438898e+00 0.000000000000000000e+00 0.000000000000000000e+00 0.000000000000000000e+00 0.000000000000000000e+00 5.715002035105952276e-03
3.471943887775551296e+00 0.000000000000000000e+00 0.000000000000000000e+00 0.000000000000000000e+00 0.000000000000000000e+00 5.497274041450539092e-03
3.478957915831663250e+00 0.000000000000000000e+00 0.000000000000000000e+00 0.000000000000000000e+00 0.000000000000000000e+00 5.285018164403906121e-03
3.485971943887775648e+00 0.000000000000000000e+00 0.000000000000000000e+00 0.000000000000000000e+00 0.000000000000000000e+00 5.078236070406322127e-03
3.492985971943887602e+00 0.000000000000000000e+00 0.000000000000000000e+00 0.000000000000000000e+00 0.000000000000000000e+00 4.876922808325257971e-03
3.500000000000000000e+00 0.000000000000000000e+00 0.000000000000000000e+00 0.000000000000000000e+00 0.000000000000000000e+00 4.681066848366268948e-03
