0.000000000000000000e+00 0.000000000000000000e+00 0.000000000000000000e+00 0.000000000000000000e+00 0.000000000000000000e+00 0.000000000000000000e+00
7.014028056112224518e-03 5.800777273002177305e-03 0.000000000000000000e+00 0.000000000000000000e+00 0.000000000000000000e+00 0.000000000000000000e+00
1.402805611222444904e-02 2.319094547076987547e-02 0.000000000000000000e+00 0.000000000000000000e+00 0.000000000000000000e+00 0.000000000000000000e+00
2.104208416833667356e-02 5.228529984824005494e-02 0.000000000000000000e+00 0.000000000000000000e+00 0.000000000000000000e+00 0.000000000000000000e+00
2.805611222444889807e-02 9.289148818331634250e-02 1.493336145334135241e-17 0.000000000000000000e+00 0.000000000000000000e+00 0.000000000000000000e+00
3.507014028056112259e-02 1.444330074107387785e-01 9.842081439385747949e-17 0.000000000000000000e+00 0.000000000000000000e+00 0.000000000000000000e+00
4.208416833667334711e-02 2.060013557196934131e-01 6.224559228827807578e-16 0.000000000000000000e+00 0.000000000000000000e+00 0.000000000000000000e+00
4.909819639278557163e-02 2.764455427789488384e-01 3.428099431188536430e-15 0.000000000000000000e+00 0.000000000000000000e+00 0.000000000000000000e+00
5.611222444889779615e-02 3.544709628693595294e-01 1.735323779168398684e-14 0.000000000000000000e+00 0.000000000000000000e+00 0.000000000000000000e+00
6.312625250501002760e-02 4.387324040795179680e-01 8.121569440658351653e-14 0.000000000000000000e+00 0.000000000000000000e+00 0.000000000000000000e+00
7.014028056112224518e-02 5.279122951128313312e-01 3.534952464495245168e-13 0.000000000000000000e+00 0.000000000000000000e+00 0.000000000000000000e+00
7.715430861723446276e-02 6.207798500497606620e-01 1.439926015245563536e-12 0.000000000000000000e+00 0.000000000000000000e+00 0.000000000000000000e+00
8.416833667334669422e-02 7.162302504182432861e-01 5.515573138243671608e-12 0.000000000000000000e+00 0.000000000000000000e+00 0.000000000000000000e+00
9.118236472945892568e-02 8.133054740758293155e-01 1.994604430649960130e-11 0.000000000000000000e+00 0.000000000000000000e+00 0.000000000000000000e+00
9.819639278557114326e-02 9.111998881067497891e-01 6.833070131948383784e-11 0.000000000000000000e+00 0.000000000000000000e+00 0.000000000000000000e+00
1.052104208416833608e-01 1.009254392698614389e+00 2.224011889555687532e-10 0.000000000000000000e+00 0.000000000000000000e+00 0.000000000000000000e+00
1.122244488977955923e-01 1.106942922721033673e+00 6.895062082728816244e-10 0.000000000000000000e+00 0.000000000000000000e+00 0.000000000000000000e+00
1.192384769539078238e-01 1.203854694794935565e+00 2.040885348825524854e-09 0.000000000000000000e+00 0.000000000000000000e+00 0.000000000000000000e+00
1.262525050100200552e-01 1.299674928366376214e+00 5.779395910583640750e-09 0.000000000000000000e+00 0.000000000000000000e+00 0.000000000000000000e+00
1.332665330661322589e-01 1.394166031478362822e+00 1.568757848704152838e-08 0.000000000000000000e+00 0.000000000000000000e+00 0.000000000000000000e+00
1.402805611222444904e-01 1.487150540725496128e+00 4.088842763499223393e-08 0.000000000000000000e+00 0.000000000000000000e+00 0.000000000000000000e+00
1.472945891783567218e-01 1.578496509366462019e+00 1.024996971073448931e-07 0.000000000000000000e+00 0.000000000000000000e+00 0.000000000000000000e+00
1.543086172344689255e-01 1.668105578036688241e+00 2.475039287833058618e-07 0.000000000000000000e+00 0.000000000000000000e+00 0.000000000000000000e+00
1.613226452905811570e-01 1.755903640665184229e+00 5.764980445638949321e-07 0.000000000000000000e+00 0.000000000000000000e+00 0.000000000000000000e+00
1.683366733466933884e-01 1.841833817671656215e+00 1.297038519273013860e-06 0.000000000000000000e+00 0.000000000000000000e+00 0.000000000000000000e+00
1.753507014028056199e-01 1.925851343792732484e+00 2.822269663512544958e-06 0.000000000000000000e+00 0.000000000000000000e+00 0.000000000000000000e+00
1.823647294589178514e-01 2.007919941080205106e+00 5.946448033067817274e-06 0.000000000000000000e+00 0.000000000000000000e+00 0.000000000000000000e+00
1.893787575150300551e-01 2.088009252973326735e+00 1.214583857192652453e-05 0.000000000000000000e+00 0.000000000000000000e+00 0.000000000000000000e+00
1.963927855711422865e-01 2.166092941826802676e+00 2.407587916789761064e-05 0.000000000000000000e+00 0.000000000000000000e+00 0.000000000000000000e+00
2.034068136272545180e-01 2.242147084744232188e+00 4.636330256935882594e-05 0.000000000000000000e+00 0.000000000000000000e+00 0.000000000000000000e+00
2.104208416833667217e-01 2.316148532107188185e+00 8.682352834873117205e-05 1.314404758827707878e-16 0.000000000000000000e+00 0.000000000000000000e+00
2.174348697394789531e-01 2.388072916864543593e+00 1.582656574483203840e-04 2.710311673988920676e-16 0.000000000000000000e+00 0.000000000000000000e+00
2.244488977955911846e-01 2.457892022899282658e+00 2.810741013610240386e-04 1.255289505848298244e-15 0.000000000000000000e+00 0.000000000000000000e+00
2.314629258517034160e-01 2.525570244520669139e+00 4.867692303363499429e-04 4.586324627172634853e-15 0.000000000000000000e+00 0.000000000000000000e+00
2.384769539078156475e-01 2.591059906363123666e+00 8.227396165273685030e-04 1.646994858768289424e-14 0.000000000000000000e+00 0.000000000000000000e+00
2.454909819639278512e-01 2.654295275042910074e+00 1.358295089384765246e-03 5.680174354796742578e-14 0.000000000000000000e+00 0.000000000000000000e+00
2.525050100200401104e-01 2.715185191166021639e+00 2.192103847951109869e-03 1.879290710565803200e-13 0.000000000000000000e+00 0.000000000000000000e+00
2.595190380761522864e-01 2.773604389394267233e+00 3.460942959084288822e-03 5.993197311063030779e-13 0.000000000000000000e+00 0.000000000000000000e+00
2.665330661322645178e-01 2.829383755684910629e+00 5.349510652552781804e-03 1.842653848640891191e-12 0.000000000000000000e+00 0.000000000000000000e+00
2.735470941883767493e-01 2.882299986534218927e+00 8.100830225662035769e-03 5.469120593233919031e-12 0.000000000000000000e+00 0.000000000000000000e+00
2.805611222444889807e-01 2.932065347611344297e+00 1.202653787231698114e-02 1.568662875781375189e-11 0.000000000000000000e+00 0.000000000000000000e+00
2.875751503006012122e-01 2.978318452126284654e+00 1.751611809525025973e-02 4.351877152193756052e-11 0.000000000000000000e+00 0.000000000000000000e+00
2.945891783567134437e-01 3.020617159581202582e+00 2.504396486562316185e-02 1.168888189928990613e-10 0.000000000000000000e+00 0.000000000000000000e+00
3.016032064128256751e-01 3.058434797694558505e+00 3.517304104526566139e-02 3.042336090655956827e-10 0.000000000000000000e+00 0.000000000000000000e+00
3.086172344689378511e-01 3.091160901776865977e+00 4.855391624864890954e-02 7.679969264815068301e-10 0.000000000000000000e+00 0.000000000000000000e+00
3.156312625250500825e-01 3.118107523207494847e+00 6.591810843760363692e-02 1.881905069225578547e-09 0.000000000000000000e+00 0.000000000000000000e+00
3.226452905811623140e-01 3.138521872889214581e+00 8.806494640063773638e-02 4.480001511829882068e-09 0.000000000000000000e+00 0.000000000000000000e+00
3.296593186372745454e-01 3.151605645824128388e+00 1.158415994676365024e-01 1.036922613849769313e-08 0.000000000000000000e+00 0.000000000000000000e+00
3.366733466933867769e-01 3.156540847859488075e+00 1.501164580295482331e-01 2.335270423470441793e-08 0.000000000000000000e+00 0.000000000000000000e+00
3.436873747494990083e-01 3.152521361376385389e+00 1.917466463158396250e-01 5.121244443069602234e-08 0.000000000000000000e+00 0.000000000000000000e+00
3.507014028056112398e-01 3.138788902191951280e+00 2.415410469699644791e-01 1.094400936405803254e-07 0.000000000000000000e+00 0.000000000000000000e+00
3.577154308617234713e-01 3.114671499765068852e+00 3.002207490394361300e-01 2.280582775823875502e-07 0.000000000000000000e+00 0.000000000000000000e+00
3.647294589178357027e-01 3.079622238615637553e+00 3.683792337599251510e-01 4.637463412837282657e-07 0.000000000000000000e+00 0.000000000000000000e+00
3.717434869739478787e-01 3.033255781078522784e+00 4.464448341948414889e-01 9.208070527982679879e-07 0.000000000000000000e+00 0.000000000000000000e+00
3.787575150300601101e-01 2.975380182189462985e+00 5.346480123624924863e-01 1.786447139428123655e-06 0.000000000000000000e+00 0.000000000000000000e+00
3.857715430861723416e-01 2.906021715868422728e+00 6.329957812991774402e-01 3.388574288735213115e-06 0.000000000000000000e+00 0.000000000000000000e+00
3.927855711422845730e-01 2.825440842646098627e+00 7.412551747280927694e-01 6.288012289147799395e-06 0.000000000000000000e+00 0.000000000000000000e+00
3.997995991983968045e-01 2.734138025731778665e+00 8.589470716330671607e-01 1.142184056141904215e-05 0.000000000000000000e+00 0.000000000000000000e+00
4.068136272545090359e-01 2.632848789604829598e+00 9.853509729919889271e-01 2.032052023666428963e-05 0.000000000000000000e+00 0.000000000000000000e+00
4.138276553106212674e-01 2.522528148426866235e+00 1.119520569996693471e+00 3.542846786376353297e-05 0.000000000000000000e+00 0.000000000000000000e+00
4.208416833667334433e-01 2.404325242785153360e+00 1.260309206882920918e+00 6.056544641129425614e-05 0.000000000000000000e+00 0.000000000000000000e+00
4.278557114228456748e-01 2.279549650186710075e+00 1.406403691562015279e+00 1.015739358668475034e-04 0.000000000000000000e+00 0.000000000000000000e+00
4.348697394789579063e-01 2.149631326713949520e+00 1.556364396396803684e+00 1.672045563592333489e-04 2.074273651188885183e-16 0.000000000000000000e+00
4.418837675350701377e-01 2.016076460107506296e+00 1.708669256068471309e+00 2.702963278326864552e-04 6.248657524271869656e-16 0.000000000000000000e+00
4.488977955911823692e-01 1.880421652686264489e+00 1.861759127119244628e+00 4.293094379286505969e-04 2.090775069983283767e-15 0.000000000000000000e+00
4.559118236472946006e-01 1.744188808888045950e+00 2.014082023234776919e+00 6.702634393419367896e-04 6.293878673338972772e-15 0.000000000000000000e+00
4.629258517034068321e-01 1.608842896059422989e+00 2.164133963755665135e+00 1.029121597520648440e-03 1.830877879262616558e-14 0.000000000000000000e+00
4.699398797595190636e-01 1.475754410229621394e+00 2.310494539264528413e+00 1.554640914503331280e-03 5.170201225885332811e-14 0.000000000000000000e+00
4.769539078156312950e-01 1.346167950670684510e+00 2.451855767683979170e+00 2.311676202022079542e-03 1.419476213444917798e-13 0.000000000000000000e+00
4.839679358717434710e-01 1.221177830832609557e+00 2.587043343396816741e+00 3.384885412843701303e-03 3.790573366877762712e-13 0.000000000000000000e+00
4.909819639278557024e-01 1.101711170098485182e+00 2.715029926959952267e+00 4.882733408147063234e-03 9.861427222044458155e-13 0.000000000000000000e+00
4.979959919839679339e-01 9.885184570296715600e-01 2.834940644302871071e+00 6.941634977887635796e-03 2.501872055287098251e-12 0.000000000000000000e+00
5.050100200400802208e-01 8.821711790624464644e-01 2.946051428500287450e+00 9.730019215743105146e-03 6.192563639844406459e-12 0.000000000000000000e+00
5.120240480961923968e-01 7.830657957021797122e-01 3.047781218802114722e+00 1.345204154663453069e-02 1.496301242886970505e-11 0.000000000000000000e+00
5.190380761523045727e-01 6.914331026386472123e-01 3.139679313623013890e+00 1.835062301300642573e-02 3.531409268045350177e-11 0.000000000000000000e+00
5.260521042084168597e-01 6.073518948252176752e-01 3.221409348050217059e+00 2.470946542334310006e-02 8.144980669989440076e-11 0.000000000000000000e+00
5.330661322645290356e-01 5.307657821789650843e-01 3.292731431238083317e+00 3.285368189658371962e-02 1.836871893488188723e-10 0.000000000000000000e+00
5.400801603206413226e-01 4.615020314907273269e-01 3.353483940625427095e+00 4.314870032009388706e-02 4.052655209127632895e-10 0.000000000000000000e+00
5.470941883767534986e-01 3.992913881844515345e-01 3.403566339545127217e+00 5.599714550526055379e-02 8.751698761647203982e-10 0.000000000000000000e+00
5.541082164328657855e-01 3.437879558498055377e-01 3.442924178068430763e+00 7.183348506796388699e-02 1.850763846682740750e-09 0.000000000000000000e+00
5.611222444889779615e-01 2.945883640251459323e-01 3.471537172450054776e+00 9.111633202735500148e-02 3.834640609613109774e-09 0.000000000000000000e+00
5.681362725450901374e-01 2.512496207476104804e-01 3.489410956774801509e+00 1.143184284961885205e-01 7.787841130383942634e-09 0.000000000000000000e+00
5.751503006012024244e-01 2.133052132050675676e-01 3.496572782509379973e+00 1.419144815037156615e-01 1.551054270621350667e-08 0.000000000000000000e+00
5.821643286573146003e-01 1.802791773007961507e-01 3.493071128376989076e+00 1.743671735891753338e-01 3.030737104112704003e-08 0.000000000000000000e+00
5.891783567134268873e-01 1.516979977294918847e-01 3.478978893556275764e+00 2.121118156143778632e-01 5.812594814808360418e-08 0.000000000000000000e+00
5.961923847695390632e-01 1.271003196041748939e-01 3.454399598442852604e+00 2.555402352728030069e-01 1.094654114971128402e-07 0.000000000000000000e+00
6.032064128256513502e-01 1.060445485188615117e-01 3.419475822530053222e+00 3.049845909049301307e-01 2.025111711186403754e-07 0.000000000000000000e+00
6.102204408817635262e-01 8.811448793958341630e-02 3.374398977743894967e+00 3.607018573367429259e-01 3.681815953875745042e-07 0.000000000000000000e+00
6.172344689378757021e-01 7.292321229220205536e-02 3.319419452674649662e+00 4.228597423257431376e-01 6.580938170156956408e-07 0.000000000000000000e+00
6.242484969939879891e-01 6.011540344972983452e-02 3.254856168777057412e+00 4.915247561658024900e-01 1.156894494622494917e-06 0.000000000000000000e+00
6.312625250501001650e-01 4.936839056098677597e-02 3.181104659433315884e+00 5.666530742483253391e-01 2.000983594883734861e-06 0.000000000000000000e+00
6.382765531062124520e-01 4.039213164224828706e-02 3.098642908411866514e+00 6.480847078254151628e-01 3.406410053108568502e-06 0.000000000000000000e+00
6.452905811623246279e-01 3.292836340634611864e-02 3.008034354050659775e+00 7.355413400792832901e-01 5.709657112601263804e-06 0.000000000000000000e+00
6.523046092184369149e-01 2.674912654228258496e-02 2.909927665490693816e+00 8.286280036045938768e-01 9.426170917795412130e-06 0.000000000000000000e+00
6.593186372745490909e-01 2.165484983382097786e-02 2.805053112359906731e+00 9.268385838446074887e-01 1.533280986532244646e-05 0.000000000000000000e+00
6.663326653306613778e-01 1.747215042751102884e-02 2.694215564326032819e+00 1.029564943659296405e+00 2.458187072257214911e-05 0.000000000000000000e+00
6.733466933867735538e-01 1.405148107100990737e-02 2.578284357857505427e+00 1.136109289238582898e+00 3.885591480756560301e-05 0.000000000000000000e+00
6.803607214428857297e-01 1.126472962716005416e-02 2.458180442340619720e+00 1.245699247681399502e+00 6.057416891559856280e-05 0.000000000000000000e+00
6.873747494989980167e-01 9.002852597332841600e-03 2.334861357128484194e+00 1.357505010148594149e+00 9.316266346987833453e-05 0.000000000000000000e+00
6.943887775551101926e-01 7.173603367525602584e-03 2.209304689053261495e+00 1.470657817210853979e+00 1.414013031461847601e-04 0.000000000000000000e+00
7.014028056112224796e-01 5.699397733899515088e-03 2.082490713662372261e+00 1.584269027514159323e+00 2.118615124691463660e-04 0.000000000000000000e+00
7.084168336673346555e-01 4.515344049543287136e-03 1.955384933397092961e+00 1.697449016899998053e+00 3.134477017068700282e-04 0.000000000000000000e+00
7.154308617234469425e-01 3.567452967924001836e-03 1.828921195425484036e+00 1.809325199711528720e+00 4.580542874290538134e-04 0.000000000000000000e+00
7.224448897795591185e-01 2.811032029359640354e-03 1.703986006490930905e+00 1.919058542055105843e+00 6.613471219487450023e-04 0.000000000000000000e+00
7.294589178356714054e-01 2.209262960868665915e-03 1.581404569219339917e+00 2.025858041510820495e+00 9.436737257407373791e-04 0.000000000000000000e+00
7.364729458917835814e-01 1.731954216638985572e-03 1.461928952075078003e+00 2.128992771441483800e+00 1.331100544575245133e-03 0.000000000000000000e+00
7.434869739478957573e-01 1.354457647466641816e-03 1.346228682070510940e+00 2.227801222508695833e+00 1.856567549702091728e-03 0.000000000000000000e+00
7.505010020040080443e-01 1.056735935879264546e-03 1.234883923574378706e+00 2.321697811325024396e+00 2.561140990865448663e-03 0.000000000000000000e+00
7.575150300601202202e-01 8.225662772699063058e-04 1.128381285436608650e+00 2.410176559066369961e+00 3.495334292496264737e-03 0.000000000000000000e+00
7.645290581162325072e-01 6.388654670905276767e-04 1.027112188235288937e+00 2.492812065057083526e+00 4.720455427323937657e-03 0.000000000000000000e+00
7.715430861723446831e-01 4.951218473331366575e-04 9.313736283864186838e-01 2.569258006777337844e+00 6.309927258667913375e-03 1.932954705804604768e-16
7.785571142284569701e-01 3.829202863418400770e-04 8.413710992260211574e-01 2.639243484731366163e+00 8.350516115596074915e-03 3.846189482261168004e-16
7.855711422845691461e-01 2.955473638932082175e-04 7.572233725532803161e-01 2.702567595821026014e+00 1.094339416783405607e-02 9.565511771439958671e-16
7.925851703406813220e-01 2.276650898230419043e-04 6.789688077081393880e-01 2.759092661248787159e+00 1.420495396515915679e-02 2.473879371753140015e-15
7.995991983967936090e-01 1.750427088480591164e-04 6.065728380690372790e-01 2.808736554650201001e+00 1.826728974164037664e-02 5.867514103766525861e-15
8.066132264529057849e-01 1.343373701105776002e-04 5.399362849931951258e-01 2.851464574254765960e+00 2.327826059573668768e-02 1.374148825169752325e-14
8.136272545090180719e-01 1.029156206415082520e-04 4.789041641255106785e-01 2.887281281345668749e+00 2.940105609006228235e-02 3.163574709942788366e-14
8.206412825651302478e-01 7.870878661659467548e-05 4.232746757250894221e-01 2.916222688725357504e+00 3.681319554885430223e-02 7.166307340086749744e-14
8.276553106212425348e-01 6.009631660987173801e-05 3.728081061056613965e-01 2.938349130353228311e+00 4.570490841515966601e-02 1.595323990530709582e-13
8.346693386773547108e-01 4.581206811887496245e-05 3.272354084233641824e-01 2.953739080165272313e+00 5.627686414008713223e-02 3.494120788652398211e-13
8.416833667334668867e-01 3.486932045265087293e-05 2.862662750629388908e-01 2.962484117828517505e+00 6.873724550559542901e-02 7.523295393452521566e-13
8.486973947895791737e-01 2.650099645855358315e-05 2.495965583063799453e-01 2.964685165359135954e+00 8.329818795708218704e-02 1.593507429287299198e-12
8.557114228456913496e-01 2.011217858040002668e-05 2.169149387699638165e-01 2.960450044570402728e+00 1.001716380547873764e-01 3.321020804017774136e-12
8.627254509018036366e-01 1.524251934047071784e-05 1.879087806730492249e-01 2.949892334425556317e+00 1.195647149208924481e-01 6.812300625723292221e-12
8.697394789579158125e-01 1.153658147948755391e-05 1.622691482144774655e-01 2.933131442440426007e+00 1.416746878077731475e-01 1.375824722584355124e-11
8.767535070140280995e-01 8.720507900904245839e-06 1.396949874647388234e-01 2.910293747789476360e+00 1.666837088747145923e-01 2.736481190811759054e-11
8.837675350701402754e-01 6.583725283685720269e-06 1.198965028983707271e-01 2.881514627704161668e+00 1.947534612794670217e-01 5.361867073006544625e-11
8.907815631262525624e-01 4.964636266990759959e-06 1.025977769751932611e-01 2.846941144551711655e+00 2.260198973425379398e-01 1.035269019845718652e-10
8.977955911823647384e-01 3.739461298237965806e-06 8.753869527026304775e-02 2.806735149491471404e+00 2.605882487372725986e-01 1.970258075447040233e-10
9.048096192384769143e-01 2.813559581676227342e-06 7.447624897983373682e-02 2.761076550062591117e+00 2.985284897265957915e-01 3.696952866712177305e-10
9.118236472945892013e-01 2.114695270025180858e-06 6.318529175155838951e-02 2.710166493102045049e+00 3.398714252055167195e-01 6.841156670706263592e-10
9.188376753507013772e-01 1.587825475968997481e-06 5.345882933186312663e-02 2.654230230105655952e+00 3.846055580012962549e-01 1.248798735640534875e-09
9.258517034068136642e-01 1.191075483030824186e-06 4.510791914842773170e-02 2.593519458111973375e+00 4.326748652830553765e-01 2.249275575408604214e-09
9.328657314629258401e-01 8.926376023819778334e-07 3.796125329599391723e-02 2.528313963587245805e+00 4.839775832100569053e-01 3.998416793807665701e-09
9.398797595190381271e-01 6.683867757209983813e-07 3.186449307430831018e-02 2.458922437496561475e+00 5.383660636125920940e-01 7.016723547607727945e-09
9.468937875751503030e-01 5.000509931538489069e-07 2.667941678319888862e-02 2.385682374459757060e+00 5.956477282999110834e-01 1.215864594775479725e-08
9.539078156312625900e-01 3.738101666490527106e-07 2.228293538496620846e-02 2.308959015253695402e+00 6.555871074008224886e-01 2.080856774500287116e-08
9.609218436873747660e-01 2.792251251479990930e-07 1.856602329451852162e-02 2.229143337647557122e+00 7.179089098478448339e-01 3.518073379480809866e-08
9.679358717434869419e-01 2.084204207549729838e-07 1.543260427126130242e-02 2.146649143537775917e+00 7.823020384950871708e-01 5.877206926096261625e-08
9.749498997995992289e-01 1.554618649041588897e-07 1.279842540795023999e-02 2.061909328757485671e+00 8.484244309890679459e-01 9.703674121566870749e-08
9.819639278557114048e-01 1.158831741765586994e-07 1.058994571714564487e-02 1.975371454297413232e+00 9.159085816808244518e-01 1.583778544480395501e-07
9.889779559118236918e-01 8.632657539738897098e-08 8.743259922749756566e-03 1.887492762922750700e+00 9.843675805232475762e-01 2.555864490832404794e-07
9.959919839679358677e-01 6.427034421227913189e-08 7.203072839161946128e-03 1.798734802663024102e+00 1.053401492608484924e+00 4.079027470134939282e-07
1.003006012024048044e+00 4.782255145112015568e-08 5.921735189419683083e-03 1.709557828176423655e+00 1.122603896951450020e+00 6.439311976839479473e-07
1.010020040080160442e+00 3.556514215716906781e-08 4.858347869639172145e-03 1.620415152735029229e+00 1.191568405133064834e+00 1.005711097858081095e-06
1.017034068136272618e+00 2.643622245028597111e-08 3.977938479186653338e-03 1.531747618087518248e+00 1.259894988967218854e+00 1.554329973792566906e-06
1.024048096192384794e+00 1.964130434215183994e-08 3.250711356520304043e-03 1.443978337571225401e+00 1.327195960657646445e+00 2.377568637404171465e-06
1.031062124248496970e+00 1.458646489420548567e-08 2.651370330873092929e-03 1.357507850629478208e+00 1.393101467962737372e+00 3.600185319336830764e-06
1.038076152304609145e+00 1.082806843481994261e-08 2.158511855536814246e-03 1.272709805553772444e+00 1.457264389545796401e+00 5.397580915408324210e-06
1.045090180360721543e+00 8.034988398904228971e-09 1.754085063366376662e-03 1.189927263095735377e+00 1.519364540745152148e+00 8.013736226797848225e-06
1.052104208416833719e+00 5.960252565666571213e-09 1.422914514499859983e-03 1.109469687862280729e+00 1.579112126244162750e+00 1.178447145141160241e-05
1.059118236472945895e+00 4.419781020791561603e-09 1.152280928972006842e-03 1.031610668336065739e+00 1.636250402409206606e+00 1.716724239370376884e-05
1.066132264529058071e+00 3.276459425738353717e-09 9.315549566939855530e-04 9.565863810530200739e-01 1.690557537360947382e+00 2.477884888417006528e-05
1.073146292585170247e+00 2.428218358760975932e-09 7.518789838790475560e-04 8.845947908632911805e-01 1.741847680270904863e+00 3.544257826135619507e-05
1.080160320641282645e+00 1.799120655777955311e-09 6.058920643732797293e-04 8.157955580624147718e-01 1.789971272229535781e+00 5.024642749043675997e-05
1.087174348697394821e+00 1.332701716844181854e-09 4.874932588270112859e-04 7.503106050699077656e-01 1.834814648804913739e+00 7.061412629881083148e-05
1.094188376753506997e+00 9.869971194020820024e-10 3.916389325313644450e-04 6.882252806182852511e-01 1.876298998786795735e+00 9.839070338490343447e-05
1.101202404809619173e+00 7.308344214435243547e-10 3.141698780847968159e-04 6.295900482727517788e-01 1.914378754458584853e+00 1.359442798695540571e-04
1.108216432865731571e+00 5.410682513297845839e-10 2.516644709670852313e-04 5.744226185334529999e-01 1.949039496095830604e+00 1.862856199327038681e-04
1.115230460921843747e+00 4.005202940683736689e-10 2.013144181933077730e-04 5.227104396325835678e-01 1.980295457434115836e+00 2.532067000802833644e-04
1.122244488977955923e+00 2.964459629057063963e-10 1.608200100600669510e-04 4.744134611597056184e-01 2.008186719876303705e+00 3.414391600791332935e-04
1.129258517034068099e+00 2.193938117046339477e-10 1.283021234115309191e-04 4.294670864704920321e-01 2.032776181599172727e+00 4.568329584206465093e-04
1.136272545090180275e+00 1.623563303991244779e-10 1.022285454268998504e-04 3.877852340331272574e-01 2.054146383906975792e+00 6.065548668297492899e-04
1.143286573146292673e+00 1.201404906260527290e-10 8.135248547620142464e-05 3.492634339847216496e-01 2.072396271624758590e+00 7.993056024453008314e-04
1.150300601202404849e+00 8.889818412328554128e-11 6.466141670116139293e-05 3.137818937387779061e-01 2.087637957487149531e+00 1.045553421922690426e-03
1.157314629258517025e+00 6.577900735957469488e-11 5.133463758953140353e-05 2.812084750475971617e-01 2.099993552796473928e+00 1.357780907410307105e-03
1.164328657314629201e+00 4.867234953759027380e-11 4.070816695640084323e-05 2.514015340532694820e-01 2.109592118493821111e+00 1.750740488929120476e-03
1.171342685370741599e+00 3.601501476604493377e-11 3.224578414947125405e-05 2.242125851730275288e-01 2.116566782551696502e+00 2.241713010135945247e-03
1.178356713426853775e+00 2.665018595543862412e-11 2.551520124544974342e-05 1.994887588266505973e-01 2.121052061538272415e+00 2.850762403528236608e-03
1.185370741482965951e+00 1.972142591732423484e-11 2.016850713828872765e-05 1.770750317496440907e-01 2.123181416536908284e+00 3.600978353954110717e-03
1.192384769539078126e+00 1.459495996683579140e-11 1.592615651961844968e-05 1.568162167293938314e-01 2.123085066480617566e+00 4.518697759314153559e-03
1.199398797595190302e+00 1.080211862512705627e-11 1.256389173971308220e-05 1.385587058934293070e-01 2.120888075469255174e+00 5.633694911743118358e-03
1.206412825651302700e+00 7.995639778597158793e-12 9.902084307602778673e-06 1.221519680645734990e-01 2.116708724811524167e+00 6.979329688862920961e-03
1.213426853707414876e+00 5.919001039439948073e-12 7.797067162838014964e-06 1.074498061214828742e-01 2.110657175364179849e+00 8.592642727094781246e-03
1.220440881763527052e+00 4.382317662644809230e-12 6.134100597525831070e-06 9.431138475184654146e-02 2.102834421180787228e+00 1.051438660443470077e-02
1.227454909819639228e+00 3.245071227518562538e-12 4.821675409436208398e-06 8.260204248206322319e-02 2.093331531462359063e+00 1.278898253422167293e-02
1.234468937875751404e+00 2.403296895359079238e-12 3.786908020828639611e-06 7.219390446259492389e-02 2.082229174238503067e+00 1.546439299513620302e-02
1.241482965931863802e+00 1.780174646132038363e-12 2.971825223400309662e-06 6.296631425499149559e-02 2.069597412014062332e+00 1.859190210877553068e-02
1.248496993987975978e+00 1.318914657359016903e-12 2.330372093526652950e-06 5.480610389208680211e-02 2.055495756711909650e+00 2.222579741718744631e-02
1.255511022044088154e+00 9.772405258499340210e-13 1.826006513139380311e-06 4.760772186325534783e-02 2.039973468560077219e+00 2.642294897942279799e-02
1.262525050100200330e+00 7.243012929078714635e-13 1.429768542120529906e-06 4.127323851183638259e-02 2.023070081061560277e+00 3.124228434723159975e-02
1.269539078156312728e+00 5.369312509214715585e-13 1.118733420574800030e-06 3.571224772114649920e-02 2.004816131821018921e+00 3.674416092315063720e-02
1.276553106212424904e+00 3.982218405582837192e-13 8.747739124062833703e-07 3.084168280428782258e-02 1.985234076779727408e+00 4.298964035816237039e-02
1.283567134268537080e+00 2.952674693273282608e-13 6.835716315953066267e-07 2.658556328991049794e-02 1.964339363346976119e+00 5.003967290403571466e-02
1.290581162324649256e+00 2.191163746049052199e-13 5.338284133413035849e-07 2.287468789154842308e-02 1.942141636050315201e+00 5.795420287928062381e-02
1.297595190380761432e+00 1.625322157970765964e-13 4.166381446983142850e-07 1.964628743287932106e-02 1.918646046712550568e+00 6.679120951312735033e-02
1.304609218436873830e+00 1.206853648404436644e-13 3.249870811475618212e-07 1.684364993599624799e-02 1.893854639864279710e+00 7.660570027424667972e-02
1.311623246492986006e+00 8.965745297051767196e-14 2.533568956293864019e-07 1.441572851508276729e-02 1.867767783186514041e+00 8.744867625058633243e-02
1.318637274549098182e+00 6.651202699863306804e-14 1.974097345720330933e-07 1.231674119455383916e-02 1.840385612316054242e+00 9.936609111521571558e-02
1.325651302605210358e+00 4.946558554640553715e-14 1.537386454909917340e-07 1.050577032040015367e-02 1.811709459398039179e+00 1.123978265982644581e-01
1.332665330661322756e+00 3.679367603414172434e-14 1.196700424093186454e-07 8.946367879420000571e-03 1.781743235383011825e+00 1.265767081156392859e-01
1.339679358717434932e+00 2.734795542359780250e-14 9.310753300569500189e-08 7.606171799169354070e-03 1.750494737271582446e+00 1.419275842343337146e-01
1.346693386773547108e+00 2.032670171709751333e-14 7.240858539558021543e-08 6.456537181300888405e-03 1.717976853318086361e+00 1.584664929618539997e-01
1.353707414829659283e+00 1.515860713066168246e-14 5.628723103889840377e-08 5.472185426701556103e-03 1.684208641603923473e+00 1.761999364415291203e-01
1.360721442885771459e+00 1.129153595087482900e-14 4.373738548890613681e-08 4.630873342250664201e-03 1.649216260345199858e+00 1.951242835520371199e-01
1.367735470941883857e+00 8.392030712593673567e-15 3.397247795507207040e-08 3.913083572479627431e-03 1.613033731749786259e+00 2.152253172102329970e-01
1.374749498997996033e+00 6.236947083637317176e-15 2.637796564072105796e-08 3.301737068678802997e-03 1.575703525106200820e+00 2.364779399467088206e-01
1.381763527054108209e+00 4.610671604909035013e-15 2.047401701735777373e-08 2.781927784957229435e-03 1.537276948973623103e+00 2.588460476684515954e-01
1.388777555110220385e+00 3.499410455528199684e-15 1.588621269228115162e-08 2.340679366104279728e-03 1.497814346737788904e+00 2.822825775624557831e-01
1.395791583166332783e+00 2.600600031950149837e-15 1.232255989968979493e-08 1.966723255835372500e-03 1.457385094281024918e+00 3.067297319581306358e-01
1.402805611222444959e+00 1.908748488646911440e-15 9.555475526521722805e-09 1.650297395899804264e-03 1.416067402961939337e+00 3.321193757888753484e-01
1.409819639278557135e+00 1.418438488218417901e-15 7.407673990948594711e-09 1.382964496481650478e-03 1.373947935387912267e+00 3.583736012074294486e-01
1.416833667334669311e+00 1.030633428786529308e-15 5.741123040833781947e-09 1.157448726606817406e-03 1.331121245474113701e+00 3.854054490420155688e-01
1.423847695390781487e+00 8.354841606042547923e-16 4.448405362648071034e-09 9.674895907504255533e-04 1.287689057909645829e+00 4.131197732465140549e-01
1.430861723446893885e+00 6.438280988477689541e-16 3.445968635894378348e-09 8.077117160752902286e-04 1.243759405302368837e+00 4.414142313980271570e-01
1.437875751503006061e+00 4.556277762532027519e-16 2.668852472519098715e-09 6.735092661108629244e-04 1.199445643874577749e+00 4.701803817111017691e-01
1.444889779559118237e+00 3.611276356255447032e-16 2.066573022839800006e-09 5.609437143716599706e-04 1.154865370577459638e+00 4.993048650306748382e-01
1.451903807615230413e+00 2.683335002066574227e-16 1.599913079674651232e-09 4.666537494708493470e-04 1.110139265849899415e+00 5.286706488744388199e-01
1.458917835671342811e+00 1.772266475446649935e-16 1.238419857049390245e-09 3.877761365213299892e-04 1.065389886955097065e+00 5.581583098367159934e-01
1.465931863727454987e+00 1.755767474447069930e-16 9.584544459959829304e-10 3.218764236593872684e-04 1.020740436895953174e+00 5.876473305349891874e-01
1.472945891783567163e+00 8.696964234116108321e-17 7.416745051344854982e-10 2.668884536686937678e-04 9.763135333660933890e-01 6.170173877518593253e-01
1.479959919839679339e+00 8.615712081153258734e-17 5.738513985641793448e-10 2.210617159130648227e-04 9.322300010843510565e-01 6.461496094561112180e-01
1.486973947895791515e+00 8.535079911964550362e-17 4.439516195875010363e-10 1.829156506295420432e-04 8.886077092474505834e-01 6.749277799182139548e-01
1.493987975951903913e+00 8.455066609679557419e-17 3.434216486753991317e-10 1.512000941554716028e-04 8.455604737917357117e-01 7.032394740971362745e-01
1.501002004008016089e+00 0.000000000000000000e+00 2.656326459171898959e-10 1.248611283645557023e-04 8.031970417612901425e-01 7.309771047871889138e-01
1.508016032064128265e+00 0.000000000000000000e+00 2.054480271231610448e-10 1.030116693423525605e-04 7.616201724231764780e-01 7.580388685906418456e-01
1.515030060120240440e+00 0.000000000000000000e+00 1.588894342899040602e-10 8.490619834527625529e-05 7.209258269391547458e-01 7.843295795369293888e-01
1.522044088176352616e+00 0.000000000000000000e+00 1.228757142690393706e-10 6.991910183184444933e-05 6.812024754837665563e-01 8.097613820162760101e-01
1.529058116232465014e+00 0.000000000000000000e+00 9.502100596679163004e-11 5.752614650268629575e-05 6.425305277741629739e-01 8.342543375522517568e-01
1.536072144288577190e+00 0.000000000000000000e+00 7.347864914953188529e-11 4.728866970802404122e-05 6.049818901237205004e-01 8.577368827281857122e-01
1.543086172344689366e+00 0.000000000000000000e+00 5.681928814739092539e-11 3.884011527039882451e-05 5.686196494172672811e-01 8.801461582387692939e-01
1.550100200400801542e+00 0.000000000000000000e+00 4.393679983210493443e-11 3.187458981983113261e-05 5.334978818888816976e-01 9.014282115024736530e-01
1.557114228456913940e+00 0.000000000000000000e+00 3.397527352651134269e-11 2.613715533885475599e-05 4.996615823109044063e-01 9.215380774953448872e-01
1.564128256513026116e+00 0.000000000000000000e+00 2.627275956009087501e-11 2.141560998833053154e-05 4.671467072112903129e-01 9.404397444159040553e-01
1.571142284569138292e+00 0.000000000000000000e+00 2.031699358330120445e-11 1.753354170708134875e-05 4.359803240504219191e-01 9.581060124394704669e-01
1.578156312625250468e+00 0.000000000000000000e+00 1.571194713483255242e-11 1.434446783565572034e-05 4.061808569220378695e-01 9.745182551538357218e-01
1.585170340681362644e+00 0.000000000000000000e+00 1.215120315177256845e-11 1.172689940911526190e-05 3.777584182996268081e-01 9.896660942830822760e-01
1.592184368737475042e+00 0.000000000000000000e+00 9.397994497082959078e-12 9.580191095610010021e-06 3.507152156240296303e-01 1.003546999007477014e+00
1.599198396793587218e+00 0.000000000000000000e+00 7.269110681547518955e-12 7.821057315606354276e-06 3.250460211064869487e-01 1.016165821588164819e+00
1.606212424849699394e+00 0.000000000000000000e+00 5.622899579143255558e-12 6.380652146446645138e-06 3.007386929835312306e-01 1.027534281125759730e+00
1.613226452905811570e+00 0.000000000000000000e+00 4.349869835929988004e-12 5.202125463070380248e-06 2.777747365803598933e-01 1.037670407147428753e+00
1.620240480961923968e+00 0.000000000000000000e+00 3.365378652372560764e-12 4.238580632501177963e-06 2.561298938876485076e-01 1.046597954356905058e+00
1.627254509018036144e+00 0.000000000000000000e+00 2.603922389267123795e-12 3.451370198838023691e-06 2.357747509009912035e-01 1.054345799328370248e+00
1.634268537074148320e+00 0.000000000000000000e+00 2.015008221123599509e-12 2.808675578504363679e-06 2.166753526782519423e-01 1.060947329211675561e+00
1.641282565130260496e+00 0.000000000000000000e+00 1.559520010767049155e-12 2.284325014384828442e-06 1.987938169041621739e-01 1.066439831676708971e+00
1.648296593186372672e+00 0.000000000000000000e+00 1.207114514964836134e-12 1.856811093623754066e-06 1.820889376800452764e-01 1.070863894392093618e+00
1.655310621242485070e+00 0.000000000000000000e+00 9.344466345813125950e-13 1.508475161383169159e-06 1.665167722479499179e-01 1.074262821339020846e+00
1.662324649298597246e+00 0.000000000000000000e+00 7.234848731261482876e-13 1.224831104871993180e-06 1.520312043832597604e-01 1.076682072234336873e+00
1.669338677354709422e+00 0.000000000000000000e+00 5.602550989265426941e-13 9.940053538226220626e-07 1.385844792213849208e-01 1.078168730304321032e+00
1.676352705410821597e+00 0.000000000000000000e+00 4.339194891315771954e-13 8.062736565661460820e-07 1.261277052990222025e-01 1.078771002635141141e+00
1.683366733466933773e+00 0.000000000000000000e+00 3.361036138691568492e-13 6.536783345620395594e-07 1.146113205686176140e-01 1.078537756347754506e+00
1.690380761523046171e+00 0.000000000000000000e+00 2.603904825367403700e-13 5.297123741774115593e-07 1.039855200695519732e-01 1.077518092920356718e+00
1.697394789579158347e+00 0.000000000000000000e+00 2.017750019995378191e-13 4.290589594776740010e-07 9.420064379807202570e-02 1.075760962123400777e+00
1.704408817635270523e+00 0.000000000000000000e+00 1.564069413223339691e-13 3.473769335704707834e-07 8.520752410034761193e-02 1.073314816250409365e+00
1.711422845691382699e+00 0.000000000000000000e+00 1.212183837513628320e-13 2.811242651028885412e-07 7.695779261260304871e-02 1.070227304628812659e+00
1.718436873747495097e+00 0.000000000000000000e+00 9.401658477909518216e-14 2.274129266480665714e-07 6.940414738520976623e-02 1.066545007782709442e+00
1.725450901803607273e+00 0.000000000000000000e+00 7.287735121843692714e-14 1.838897071634729749e-07 6.250058135273292570e-02 1.062313210094813387e+00
1.732464929859719449e+00 0.000000000000000000e+00 5.657069173835146126e-14 1.486384111630229448e-07 5.620257375010533074e-02 1.057575709377132078e+00
1.739478957915831625e+00 0.000000000000000000e+00 4.384937347400576447e-14 1.200996790672125643e-07 5.046724642918631182e-02 1.052374661406157541e+00
1.746492985971943801e+00 0.000000000000000000e+00 3.406253777775752356e-14 9.700530816349340579e-08 4.525348730426648203e-02 1.046750457204224549e+00
1.753507014028056199e+00 0.000000000000000000e+00 2.640104020664745506e-14 7.832449766048121654e-08 4.052204335511146865e-02 1.040741630648766014e+00
1.760521042084168375e+00 0.000000000000000000e+00 2.050545631948515149e-14 6.321988636770857271e-08 3.623558574825013617e-02 1.034384793859023821e+00
1.767535070140280551e+00 0.000000000000000000e+00 1.591046994607309535e-14 5.101162914810378161e-08 3.235874970835467962e-02 1.027714597738477398e+00
1.774549098196392727e+00 0.000000000000000000e+00 1.240314171134419089e-14 4.114806227431475549e-08 2.885815178898935504e-02 1.020763715033586205e+00
1.781563126252505125e+00 0.000000000000000000e+00 9.603519971328640861e-15 3.318176850732413467e-08 2.570238716303979709e-02 1.013562843298030591e+00
1.788577154308617301e+00 0.000000000000000000e+00 7.491751600725835665e-15 2.675005968303280062e-08 2.286200948505806227e-02 1.006140725219297760e+00
1.795591182364729477e+00 0.000000000000000000e+00 5.820094406555582695e-15 2.155907501719369558e-08 2.030949577750887011e-02 9.985241838642293644e-01
1.802605210420841653e+00 0.000000000000000000e+00 4.519663092064015114e-15 1.737083129913827764e-08 1.801919866711606741e-02 9.907381705253798243e-01
1.809619238476953829e+00 0.000000000000000000e+00 3.524027379416423848e-15 1.399268543482866032e-08 1.596728815227366552e-02 9.828058229947082003e-01
1.816633266533066227e+00 0.000000000000000000e+00 2.713775624006242425e-15 1.126876518526278423e-08 1.413168492339627290e-02 9.747485322496102222e-01
1.823647294589178403e+00 0.000000000000000000e+00 2.138543716268357344e-15 9.073003773572887170e-09 1.249198709012581780e-02 9.665860157036637590e-01
1.830661322645290578e+00 0.000000000000000000e+00 1.683013016260655694e-15 7.303482542319135921e-09 1.102939199685816149e-02 9.583363953462877838e-01
1.837675350701402754e+00 0.000000000000000000e+00 1.290048136262388931e-15 5.877837712450807089e-09 9.726614634900574569e-03 9.500162792681013935e-01
1.844689378757515152e+00 0.000000000000000000e+00 1.011145970250995038e-15 4.729534037369520683e-09 8.567803988893195333e-03 9.416408452388373984e-01
1.851703406813627328e+00 0.000000000000000000e+00 7.903397598083582571e-16 3.804842538916842151e-09 7.538458489560660725e-03 9.332239251697116433e-01
1.858717434869739504e+00 0.000000000000000000e+00 6.259835489477051281e-16 3.060390970398901641e-09 6.625341586492545370e-03 9.247780894499539883e-01
1.865731462925851680e+00 0.000000000000000000e+00 4.648149828864489984e-16 2.461179379306077464e-09 5.816398305104755230e-03 9.163147302963021712e-01
1.872745490981963856e+00 0.000000000000000000e+00 3.579220587652020204e-16 1.978973298280374699e-09 5.100673512378626519e-03 9.078441433933222005e-01
1.879759519038076254e+00 0.000000000000000000e+00 3.037326067826607063e-16 1.591003026136571514e-09 4.468232487198802068e-03 8.993756072308041194e-01
1.886773547094188430e+00 0.000000000000000000e+00 2.505860477073648262e-16 1.278911559090923960e-09 3.910084273565874249e-03 8.909174596616228348e-01
1.893787575150300606e+00 0.000000000000000000e+00 1.984680516639483795e-16 1.027903637863925616e-09 3.418108188800081902e-03 8.824771713092861569e-01
1.900801603206412782e+00 0.000000000000000000e+00 1.473644288498180795e-16 8.260581246081673987e-10 2.984983764000598977e-03 8.740614155489360160e-01
1.907815631262525180e+00 0.000000000000000000e+00 9.726112941445763477e-17 6.637719963093201715e-10 2.604124310194873889e-03 8.656761348691056623e-01
1.914829659318637356e+00 0.000000000000000000e+00 9.628848658718840938e-17 5.333116244419322526e-10 2.269614230364357891e-03 8.573266034946008807e-01
1.921843687374749532e+00 0.000000000000000000e+00 4.766247719692548102e-17 4.284506503627382971e-10 1.976150134312699286e-03 8.490174862138036849e-01
1.928857715430861708e+00 0.000000000000000000e+00 4.718523162733565617e-17 3.441768301716562490e-10 1.718985759496493822e-03 8.407528934074823823e-01
1.935871743486973884e+00 0.000000000000000000e+00 4.671247185699644130e-17 2.764567628875802288e-10 1.493880655760083769e-03 8.325364323211014161e-01
1.942885771543086282e+00 0.000000000000000000e+00 4.624416322641258965e-17 2.220450285984024342e-10 1.297052554673337786e-03 8.243712546598553903e-01
1.949899799599198458e+00 0.000000000000000000e+00 4.578027115047321783e-17 1.783308982326645105e-10 1.125133314097880900e-03 8.162601006155499883e-01
1.956913827655310634e+00 0.000000000000000000e+00 0.000000000000000000e+00 1.432145788058296934e-10 9.751283049665544159e-04 8.082053394580529515e-01
1.963927855711422810e+00 0.000000000000000000e+00 0.000000000000000000e+00 1.150074720930795583e-10 8.443790893145752948e-04 8.002090068419197566e-01
1.970941883767534986e+00 0.000000000000000000e+00 0.000000000000000000e+00 9.235204256435423421e-11 7.305292256526021251e-04 7.922728389916944280e-01
1.977955911823647384e+00 0.000000000000000000e+00 0.000000000000000000e+00 7.415696071814711388e-11 6.314930291544804857e-04 7.843983039379784916e-01
1.984969939879759560e+00 0.000000000000000000e+00 0.000000000000000000e+00 5.954500386444726539e-11 5.454271092311746907e-04 7.765866299812532736e-01
1.991983967935871735e+00 0.000000000000000000e+00 0.000000000000000000e+00 4.781118616537038798e-11 4.707045053008601394e-04 7.688388315621687008e-01
1.998997995991983911e+00 0.000000000000000000e+00 0.000000000000000000e+00 3.838909949567522489e-11 4.058912424231367073e-04 7.611557327161851960e-01
2.006012024048096087e+00 0.000000000000000000e+00 0.000000000000000000e+00 3.082358181051437965e-11 3.497251314712850338e-04 7.535379882874304602e-01
2.013026052104208485e+00 0.000000000000000000e+00 0.000000000000000000e+00 2.474904376446333447e-11 3.010966432444534078e-04 7.459861030719338038e-01
2.020040080160320883e+00 0.000000000000000000e+00 0.000000000000000000e+00 1.987178926001323665e-11 2.590316920034672855e-04 7.385004490543242150e-01
2.027054108216432837e+00 0.000000000000000000e+00 0.000000000000000000e+00 1.595588802190405951e-11 2.226761710135610804e-04 7.310812808950077901e-01
2.034068136272545235e+00 0.000000000000000000e+00 0.000000000000000000e+00 1.281190010743136358e-11 1.912820905191142608e-04 7.237287498170100752e-01
2.041082164328657189e+00 0.000000000000000000e+00 0.000000000000000000e+00 1.028763904687570958e-11 1.641951769068115562e-04 7.164429160333742885e-01
2.048096192384769587e+00 0.000000000000000000e+00 0.000000000000000000e+00 8.261011158416408862e-12 1.408438004343614311e-04 7.092237598473978277e-01
2.055110220440881985e+00 0.000000000000000000e+00 0.000000000000000000e+00 6.633861373716105177e-12 1.207291076337405728e-04 7.020711915492930943e-01
2.062124248496993939e+00 0.000000000000000000e+00 0.000000000000000000e+00 5.327468196740857383e-12 1.034162432008342954e-04 6.949850602241686159e-01
2.069138276553106337e+00 0.000000000000000000e+00 0.000000000000000000e+00 4.278545543324985304e-12 8.852655474187263584e-05 6.879651615777108153e-01
2.076152304609218291e+00 0.000000000000000000e+00 0.000000000000000000e+00 3.436295691268851505e-12 7.573068206699178897e-05 6.810112448776332039e-01
2.083166332665330689e+00 0.000000000000000000e+00 0.000000000000000000e+00 2.760070333763810728e-12 6.474244073329481469e-05 6.741230191009748296e-01
2.090180360721443087e+00 0.000000000000000000e+00 0.000000000000000000e+00 2.217043260076234666e-12 5.531341719444362080e-05 6.673001583697114603e-01
2.097194388777555041e+00 0.000000000000000000e+00 0.000000000000000000e+00 1.780969177657083217e-12 4.722820016385235342e-05 6.605423067498926715e-01
2.104208416833667439e+00 0.000000000000000000e+00 0.000000000000000000e+00 1.430787120696086944e-12 4.030017963506529684e-05 6.538490824827130066e-01
2.111222444889779393e+00 0.000000000000000000e+00 0.000000000000000000e+00 1.149552197944679878e-12 3.436785139697657936e-05 6.472200817095535852e-01
2.118236472945891791e+00 0.000000000000000000e+00 0.000000000000000000e+00 9.236752492627131220e-13 2.929157084096467497e-05 6.406548817470754109e-01
2.125250501002004189e+00 0.000000000000000000e+00 0.000000000000000000e+00 7.422381013905210934e-13 2.495070537818465113e-05 6.341530439629468052e-01
2.132264529058116143e+00 0.000000000000000000e+00 0.000000000000000000e+00 5.965209234827968674e-13 2.124113988080603024e-05 6.277141162977168953e-01
2.139278557114228541e+00 0.000000000000000000e+00 0.000000000000000000e+00 4.794502302870083609e-13 1.807309424250635787e-05 6.213376354736481755e-01
2.146292585170340494e+00 0.000000000000000000e+00 0.000000000000000000e+00 3.853865816355717665e-13 1.536921643929275256e-05 6.150231289270925439e-01
2.153306613226452892e+00 0.000000000000000000e+00 0.000000000000000000e+00 3.098207149642043601e-13 1.306291838060172805e-05 6.087701164970482637e-01
2.160320641282565290e+00 0.000000000000000000e+00 0.000000000000000000e+00 2.491197457211899348e-13 1.109692539434909786e-05 6.025781118990295449e-01
2.167334669338677244e+00 0.000000000000000000e+00 0.000000000000000000e+00 2.003205000484774434e-13 9.422013409925707484e-06 5.964466240101522487e-01
2.174348697394789642e+00 0.000000000000000000e+00 0.000000000000000000e+00 1.610991179239655065e-13 7.995910811978808728e-06 5.903751579884303213e-01
2.181362725450902040e+00 0.000000000000000000e+00 0.000000000000000000e+00 1.295782346277857992e-13 6.782344560854642817e-06 5.843632162466878555e-01
2.188376753507013994e+00 0.000000000000000000e+00 0.000000000000000000e+00 1.042419532086094586e-13 5.750212530245965606e-06 5.784102992991088099e-01
2.195390781563126392e+00 0.000000000000000000e+00 0.000000000000000000e+00 8.385534749774431553e-14 4.872866124228328643e-06 5.725159064963731836e-01
2.202404809619238346e+00 0.000000000000000000e+00 0.000000000000000000e+00 6.748334989862504656e-14 4.127489124969903350e-06 5.666795366634177489e-01
2.209418837675350744e+00 0.000000000000000000e+00 0.000000000000000000e+00 5.428865197929079626e-14 3.494560406416608619e-06 5.609006886521942237e-01
2.216432865731463142e+00 0.000000000000000000e+00 0.000000000000000000e+00 4.371381613995692970e-14 2.957389648843767193e-06 5.551788618203039594e-01
2.223446893787575096e+00 0.000000000000000000e+00 0.000000000000000000e+00 3.519147736889458198e-14 2.501716522208476534e-06 5.495135564450396304e-01
2.230460921843687494e+00 0.000000000000000000e+00 0.000000000000000000e+00 2.832778173164641371e-14 2.115364986558137477e-06 5.439042740812117804e-01
2.237474949899799448e+00 0.000000000000000000e+00 0.000000000000000000e+00 2.280385539653044280e-14 1.787945403498447463e-06 5.383505178700768168e-01
2.244488977955911846e+00 0.000000000000000000e+00 0.000000000000000000e+00 1.837237589666822360e-14 1.510598076164290083e-06 5.328517928057631137e-01
2.251503006012024244e+00 0.000000000000000000e+00 0.000000000000000000e+00 1.479529581448641013e-14 1.275772648236980144e-06 5.274076059647978543e-01
2.258517034068136198e+00 0.000000000000000000e+00 0.000000000000000000e+00 1.193113434034317055e-14 1.077038510213725216e-06 5.220174667035855087e-01
2.265531062124248596e+00 0.000000000000000000e+00 0.000000000000000000e+00 9.614791949947398587e-15 9.089219897871550542e-07 5.166808868281042022e-01
2.272545090180360550e+00 0.000000000000000000e+00 0.000000000000000000e+00 7.744634724305727976e-15 7.667666560365766520e-07 5.113973807395029159e-01
2.279559118236472948e+00 0.000000000000000000e+00 0.000000000000000000e+00 6.251132371817617410e-15 6.466135509443691076e-07 5.061664655588049566e-01
2.286573146292585346e+00 0.000000000000000000e+00 0.000000000000000000e+00 5.039326596584499315e-15 5.450985851804498142e-07 5.009876612335177892e-01
2.293587174348697300e+00 0.000000000000000000e+00 0.000000000000000000e+00 4.045621627905948372e-15 4.593647044305528517e-07 4.958604906285514202e-01
2.300601202404809698e+00 0.000000000000000000e+00 0.000000000000000000e+00 3.263702940747153854e-15 3.869867557158329776e-07 4.907844796035529256e-01
2.307615230460921651e+00 0.000000000000000000e+00 0.000000000000000000e+00 2.633088890618728614e-15 3.259072631829746369e-07 4.857591570784642321e-01
2.314629258517034049e+00 0.000000000000000000e+00 0.000000000000000000e+00 2.122510728986722482e-15 2.743815683870662333e-07 4.807840550888771158e-01
2.321643286573146447e+00 0.000000000000000000e+00 0.000000000000000000e+00 1.728478923820156587e-15 2.309310012605345715e-07 4.758587088325377801e-01
2.328657314629258401e+00 0.000000000000000000e+00 0.000000000000000000e+00 1.394933367898711753e-15 1.943029333898422136e-07 4.709826567081830118e-01
2.335671342685370799e+00 0.000000000000000000e+00 0.000000000000000000e+00 1.120138860261581644e-15 1.634367240843568990e-07 4.661554403477053965e-01
2.342685370741483197e+00 0.000000000000000000e+00 0.000000000000000000e+00 9.023940886572724671e-16 1.374347086010608121e-07 4.613766046425409884e-01
2.349699398797595151e+00 0.000000000000000000e+00 0.000000000000000000e+00 7.400311103285080231e-16 1.155374974120701076e-07 4.566456977650196203e-01
2.356713426853707549e+00 0.000000000000000000e+00 0.000000000000000000e+00 5.809016514544228818e-16 9.710295871065454069e-08 4.519622711853270580e-01
2.363727454909819503e+00 0.000000000000000000e+00 0.000000000000000000e+00 4.749525287675943542e-16 8.158834517897290995e-08 4.473258796846560914e-01
2.370741482965931901e+00 0.000000000000000000e+00 0.000000000000000000e+00 3.958562135569099035e-16 6.853510404796712308e-08 4.427360813650091376e-01
2.377755511022044299e+00 0.000000000000000000e+00 0.000000000000000000e+00 3.183323586479995030e-16 5.755597442039204139e-08 4.381924376560826784e-01
2.384769539078156253e+00 0.000000000000000000e+00 0.000000000000000000e+00 2.423575066610105961e-16 4.832403360754980377e-08 4.336945133195841406e-01
2.391783567134268651e+00 0.000000000000000000e+00 0.000000000000000000e+00 2.158823489436393845e-16 4.056340317325876633e-08 4.292418764512961893e-01
2.398797595190380605e+00 0.000000000000000000e+00 0.000000000000000000e+00 1.661842807238140126e-16 3.404136746069774064e-08 4.248340984811471710e-01
2.405811623246493003e+00 0.000000000000000000e+00 0.000000000000000000e+00 1.409806710405251136e-16 2.856169270886878658e-08 4.204707541715250185e-01
2.412825651302605401e+00 0.000000000000000000e+00 0.000000000000000000e+00 1.162770249923286051e-16 2.395896781635006786e-08 4.161514216140175249e-01
2.419839679358717355e+00 0.000000000000000000e+00 0.000000000000000000e+00 9.206587043231229458e-17 2.009381169491457201e-08 4.118756822247637839e-01
2.426853707414829753e+00 0.000000000000000000e+00 0.000000000000000000e+00 6.833982936978618242e-17 1.684881726006370400e-08 4.076431207385431410e-01
2.433867735470941707e+00 0.000000000000000000e+00 0.000000000000000000e+00 6.763742555343829382e-17 1.412512000978366659e-08 4.034533252017362681e-01
2.440881763527054105e+00 0.000000000000000000e+00 0.000000000000000000e+00 4.462808190209506484e-17 1.183949657635864421e-08 3.993058869642580611e-01
2.447895791583166503e+00 0.000000000000000000e+00 0.000000000000000000e+00 4.416923553435815678e-17 9.921912209064454837e-09 3.952004006705404082e-01
2.454909819639278457e+00 0.000000000000000000e+00 0.000000000000000000e+00 2.185751649466544971e-17 8.313448906462989322e-09 3.911364642496500399e-01
2.461923847695390855e+00 0.000000000000000000e+00 0.000000000000000000e+00 2.163271484553672151e-17 6.964555545285243819e-09 3.871136789045773741e-01
2.468937875751502808e+00 0.000000000000000000e+00 0.000000000000000000e+00 2.141019071470042949e-17 5.833570934784352646e-09 3.831316491007571989e-01
2.475951903807615206e+00 0.000000000000000000e+00 0.000000000000000000e+00 2.118992217922585430e-17 4.885477376743794296e-09 3.791899825538355140e-01
2.482965931863727604e+00 0.000000000000000000e+00 0.000000000000000000e+00 2.097188749760812831e-17 4.090849345248185690e-09 3.752882902166986834e-01
2.489979959919839558e+00 0.000000000000000000e+00 0.000000000000000000e+00 2.075606510901351144e-17 3.424967038102513911e-09 3.714261862657736168e-01
2.496993987975951956e+00 0.000000000000000000e+00 0.000000000000000000e+00 0.000000000000000000e+00 2.867069187779606956e-09 3.676032880865702235e-01
2.504008016032064354e+00 0.000000000000000000e+00 0.000000000000000000e+00 0.000000000000000000e+00 2.399723583692345125e-09 3.638192162584488742e-01
2.511022044088176308e+00 0.000000000000000000e+00 0.000000000000000000e+00 0.000000000000000000e+00 2.008296868436108860e-09 3.600735945385534209e-01
2.518036072144288706e+00 0.000000000000000000e+00 0.000000000000000000e+00 0.000000000000000000e+00 1.680507985425058172e-09 3.563660498448490976e-01
2.525050100200400660e+00 0.000000000000000000e+00 0.000000000000000000e+00 0.000000000000000000e+00 1.406052486647826214e-09 3.526962122381759324e-01
2.532064128256513058e+00 0.000000000000000000e+00 0.000000000000000000e+00 0.000000000000000000e+00 1.176286325052420861e-09 3.490637149031973752e-01
2.539078156312625456e+00 0.000000000000000000e+00 0.000000000000000000e+00 0.000000000000000000e+00 9.839597947792066747e-10 3.454681941281134705e-01
2.546092184368737410e+00 0.000000000000000000e+00 0.000000000000000000e+00 0.000000000000000000e+00 8.229939988016888840e-10 3.419092892829592167e-01
2.553106212424849808e+00 0.000000000000000000e+00 0.000000000000000000e+00 0.000000000000000000e+00 6.882927000852026437e-10 3.383866427962873291e-01
2.560120240480961762e+00 0.000000000000000000e+00 0.000000000000000000e+00 0.000000000000000000e+00 5.755843618452104824e-10 3.348999001299881595e-01
2.567134268537074160e+00 0.000000000000000000e+00 0.000000000000000000e+00 0.000000000000000000e+00 4.812893510145592510e-10 3.314487097519616121e-01
2.574148296593186558e+00 0.000000000000000000e+00 0.000000000000000000e+00 0.000000000000000000e+00 4.024084171273533672e-10 3.280327231063049354e-01
2.581162324649298512e+00 0.000000000000000000e+00 0.000000000000000000e+00 0.000000000000000000e+00 3.364290297323564239e-10 3.246515945806301984e-01
2.588176352705410910e+00 0.000000000000000000e+00 0.000000000000000000e+00 0.000000000000000000e+00 2.812467228098514301e-10 3.213049814700613127e-01
2.595190380761522864e+00 0.000000000000000000e+00 0.000000000000000000e+00 0.000000000000000000e+00 2.350991721008577780e-10 3.179925439374048923e-01
2.602204408817635262e+00 0.000000000000000000e+00 0.000000000000000000e+00 0.000000000000000000e+00 1.965107388869332720e-10 3.147139449689164148e-01
2.609218436873747660e+00 0.000000000000000000e+00 0.000000000000000000e+00 0.000000000000000000e+00 1.642460953928331162e-10 3.114688503250067630e-01
2.616232464929859614e+00 0.000000000000000000e+00 0.000000000000000000e+00 0.000000000000000000e+00 1.372711357616813213e-10 3.082569284851568447e-01
2.623246492985972012e+00 0.000000000000000000e+00 0.000000000000000000e+00 0.000000000000000000e+00 1.147204179676358877e-10 3.050778505862276058e-01
2.630260521042084410e+00 0.000000000000000000e+00 0.000000000000000000e+00 0.000000000000000000e+00 9.586971892277300941e-11 3.019312903532579417e-01
2.637274549098196363e+00 0.000000000000000000e+00 0.000000000000000000e+00 0.000000000000000000e+00 8.011303357318806655e-11 2.988169240217616318e-01
2.644288577154308761e+00 0.000000000000000000e+00 0.000000000000000000e+00 0.000000000000000000e+00 6.694339050567910488e-11 2.957344302504212319e-01
2.651302605210420715e+00 0.000000000000000000e+00 0.000000000000000000e+00 0.000000000000000000e+00 5.593670101952009720e-11 2.926834900230152470e-01
2.658316633266533113e+00 0.000000000000000000e+00 0.000000000000000000e+00 0.000000000000000000e+00 4.673825182301191637e-11 2.896637865382817312e-01
2.665330661322645511e+00 0.000000000000000000e+00 0.000000000000000000e+00 0.000000000000000000e+00 3.905134797308645058e-11 2.866750050863608457e-01
2.672344689378757465e+00 0.000000000000000000e+00 0.000000000000000000e+00 0.000000000000000000e+00 3.262793076218186053e-11 2.837168329103575415e-01
2.679358717434869863e+00 0.000000000000000000e+00 0.000000000000000000e+00 0.000000000000000000e+00 2.726053497826727376e-11 2.807889590514768274e-01
2.686372745490981817e+00 0.000000000000000000e+00 0.000000000000000000e+00 0.000000000000000000e+00 2.277573991522942985e-11 2.778910741761321801e-01
2.693386773547094215e+00 0.000000000000000000e+00 0.000000000000000000e+00 0.000000000000000000e+00 1.902853250018403530e-11 2.750228703833495492e-01
2.700400801603206613e+00 0.000000000000000000e+00 0.000000000000000000e+00 0.000000000000000000e+00 1.589771178667141781e-11 2.721840409907470559e-01
2.707414829659318567e+00 0.000000000000000000e+00 0.000000000000000000e+00 0.000000000000000000e+00 1.328194102743830068e-11 2.693742802973496664e-01
2.714428857715430965e+00 0.000000000000000000e+00 0.000000000000000000e+00 0.000000000000000000e+00 1.109655829993661360e-11 2.665932833214865183e-01
2.721442885771542919e+00 0.000000000000000000e+00 0.000000000000000000e+00 0.000000000000000000e+00 9.270775671440803516e-12 2.638407455120369560e-01
2.728456913827655317e+00 0.000000000000000000e+00 0.000000000000000000e+00 0.000000000000000000e+00 7.745448846785161360e-12 2.611163624313426190e-01
2.735470941883767715e+00 0.000000000000000000e+00 0.000000000000000000e+00 0.000000000000000000e+00 6.471151527255519197e-12 2.584198294081728187e-01
2.742484969939879669e+00 0.000000000000000000e+00 0.000000000000000000e+00 0.000000000000000000e+00 5.406565457310639472e-12 2.557508411592647191e-01
2.749498997995992067e+00 0.000000000000000000e+00 0.000000000000000000e+00 0.000000000000000000e+00 4.517195442419553669e-12 2.531090913780849050e-01
2.756513026052104021e+00 0.000000000000000000e+00 0.000000000000000000e+00 0.000000000000000000e+00 3.774193833245246967e-12 2.504942722896847385e-01
2.763527054108216419e+00 0.000000000000000000e+00 0.000000000000000000e+00 0.000000000000000000e+00 3.153468625307225609e-12 2.479060741707329873e-01
2.770541082164328817e+00 0.000000000000000000e+00 0.000000000000000000e+00 0.000000000000000000e+00 2.634906783352870516e-12 2.453441848341223197e-01
2.777555110220440771e+00 0.000000000000000000e+00 0.000000000000000000e+00 0.000000000000000000e+00 2.201679219622075475e-12 2.428082890778558156e-01
2.784569138276553169e+00 0.000000000000000000e+00 0.000000000000000000e+00 0.000000000000000000e+00 1.839743533461564922e-12 2.402980680983228257e-01
2.791583166332665567e+00 0.000000000000000000e+00 0.000000000000000000e+00 0.000000000000000000e+00 1.537359468184941252e-12 2.378131988684997478e-01
2.798597194388777520e+00 0.000000000000000000e+00 0.000000000000000000e+00 0.000000000000000000e+00 1.284735126157477960e-12 2.353533534820852480e-01
2.805611222444889918e+00 0.000000000000000000e+00 0.000000000000000000e+00 0.000000000000000000e+00 1.073652791016742388e-12 2.329181984651255422e-01
2.812625250501001872e+00 0.000000000000000000e+00 0.000000000000000000e+00 0.000000000000000000e+00 8.972947811742321339e-13 2.305073940572482938e-01
2.819639278557114270e+00 0.000000000000000000e+00 0.000000000000000000e+00 0.000000000000000000e+00 7.499507245006766084e-13 2.281205934652371370e-01
2.826653306613226668e+00 0.000000000000000000e+00 0.000000000000000000e+00 0.000000000000000000e+00 6.268163411392226609e-13 2.257574420923458003e-01
2.833667334669338622e+00 0.000000000000000000e+00 0.000000000000000000e+00 0.000000000000000000e+00 5.239399453737668060e-13 2.234175767474143037e-01
2.840681362725451020e+00 0.000000000000000000e+00 0.000000000000000000e+00 0.000000000000000000e+00 4.379738827485228713e-13 2.211006248385730122e-01
2.847695390781562974e+00 0.000000000000000000e+00 0.000000000000000000e+00 0.000000000000000000e+00 3.661229272228601157e-13 2.188062035570341735e-01
2.854709418837675372e+00 0.000000000000000000e+00 0.000000000000000000e+00 0.000000000000000000e+00 3.060829283156583845e-13 2.165339190572035388e-01
2.861723446893787770e+00 0.000000000000000000e+00 0.000000000000000000e+00 0.000000000000000000e+00 2.559108182032360235e-13 2.142833656400677245e-01
2.868737474949899724e+00 0.000000000000000000e+00 0.000000000000000000e+00 0.000000000000000000e+00 2.139728328756566489e-13 2.120541249475320911e-01
2.875751503006012122e+00 0.000000000000000000e+00 0.000000000000000000e+00 0.000000000000000000e+00 1.789187966849088780e-13 2.098457651760612941e-01
2.882765531062124076e+00 0.000000000000000000e+00 0.000000000000000000e+00 0.000000000000000000e+00 1.496112587014016196e-13 2.076578403186310762e-01
2.889779559118236474e+00 0.000000000000000000e+00 0.000000000000000000e+00 0.000000000000000000e+00 1.251273138015322740e-13 2.054898894445899293e-01
2.896793587174348872e+00 0.000000000000000000e+00 0.000000000000000000e+00 0.000000000000000000e+00 1.046466588308245030e-13 2.033414360275735966e-01
2.903807615230460826e+00 0.000000000000000000e+00 0.000000000000000000e+00 0.000000000000000000e+00 8.753695353942018210e-14 2.012119873320561414e-01
2.910821643286573224e+00 0.000000000000000000e+00 0.000000000000000000e+00 0.000000000000000000e+00 7.322282654492683561e-14 1.991010338695064497e-01
2.917835671342685622e+00 0.000000000000000000e+00 0.000000000000000000e+00 0.000000000000000000e+00 6.124948424580150624e-14 1.970080489353704944e-01
2.924849699398797576e+00 0.000000000000000000e+00 0.000000000000000000e+00 0.000000000000000000e+00 5.124444345394280044e-14 1.949324882382624247e-01
2.931863727454909974e+00 0.000000000000000000e+00 0.000000000000000000e+00 0.000000000000000000e+00 4.288145435313267500e-14 1.928737896327617218e-01
2.938877755511021928e+00 0.000000000000000000e+00 0.000000000000000000e+00 0.000000000000000000e+00 3.587848546274725444e-14 1.908313729671201331e-01
2.945891783567134325e+00 0.000000000000000000e+00 0.000000000000000000e+00 0.000000000000000000e+00 3.002738615569470296e-14 1.888046400569304839e-01
2.952905811623246723e+00 0.000000000000000000e+00 0.000000000000000000e+00 0.000000000000000000e+00 2.512777039832237369e-14 1.867929747954008290e-01
2.959919839679358677e+00 0.000000000000000000e+00 0.000000000000000000e+00 0.000000000000000000e+00 2.103843856023177819e-14 1.847957434103449370e-01
2.966933867735471075e+00 0.000000000000000000e+00 0.000000000000000000e+00 0.000000000000000000e+00 1.761322393131560735e-14 1.828122948772759049e-01
2.973947895791583029e+00 0.000000000000000000e+00 0.000000000000000000e+00 0.000000000000000000e+00 1.474183340746965148e-14 1.808419614971419620e-01
2.980961923847695427e+00 0.000000000000000000e+00 0.000000000000000000e+00 0.000000000000000000e+00 1.233813585945441483e-14 1.788840596462088484e-01
2.987975951903807825e+00 0.000000000000000000e+00 0.000000000000000000e+00 0.000000000000000000e+00 1.033902511835884627e-14 1.769378907044424076e-01
2.994989979959919779e+00 0.000000000000000000e+00 0.000000000000000000e+00 0.000000000000000000e+00 8.654311973375055838e-15 1.750027421674179018e-01
3.002004008016032177e+00 0.000000000000000000e+00 0.000000000000000000e+00 0.000000000000000000e+00 7.245783187306525347e-15 1.730778889453403191e-01
3.009018036072144131e+00 0.000000000000000000e+00 0.000000000000000000e+00 0.000000000000000000e+00 6.076611595399406250e-15 1.711625948511943662e-01
3.016032064128256529e+00 0.000000000000000000e+00 0.000000000000000000e+00 0.000000000000000000e+00 5.082820088132048384e-15 1.692561142783491623e-01
3.023046092184368927e+00 0.000000000000000000e+00 0.000000000000000000e+00 0.000000000000000000e+00 4.259341921446205242e-15 1.673576940661844203e-01
3.030060120240480881e+00 0.000000000000000000e+00 0.000000000000000000e+00 0.000000000000000000e+00 3.573296389650791554e-15 1.654665755504384217e-01
3.037074148296593279e+00 0.000000000000000000e+00 0.000000000000000000e+00 0.000000000000000000e+00 2.993056146716901792e-15 1.635819967930821073e-01
3.044088176352705233e+00 0.000000000000000000e+00 0.000000000000000000e+00 0.000000000000000000e+00 2.506444331565203149e-15 1.617031949845799399e-01
3.051102204408817631e+00 0.000000000000000000e+00 0.000000000000000000e+00 0.000000000000000000e+00 2.101722355799006970e-15 1.598294090094360409e-01
3.058116232464930029e+00 0.000000000000000000e+00 0.000000000000000000e+00 0.000000000000000000e+00 1.758651940150622672e-15 1.579598821639989215e-01
3.065130260521041983e+00 0.000000000000000000e+00 0.000000000000000000e+00 0.000000000000000000e+00 1.475450306253327896e-15 1.560938650135668404e-01
3.072144288577154381e+00 0.000000000000000000e+00 0.000000000000000000e+00 0.000000000000000000e+00 1.241626899318044527e-15 1.542306183740109471e-01
3.079158316633266779e+00 0.000000000000000000e+00 0.000000000000000000e+00 0.000000000000000000e+00 1.038433953971883964e-15 1.523694164013534302e-01
3.086172344689378733e+00 0.000000000000000000e+00 0.000000000000000000e+00 0.000000000000000000e+00 8.735603028774936918e-16 1.505095497710903507e-01
3.093186372745491131e+00 0.000000000000000000e+00 0.000000000000000000e+00 0.000000000000000000e+00 7.289310995506974607e-16 1.486503289275177830e-01
3.100200400801603084e+00 0.000000000000000000e+00 0.000000000000000000e+00 0.000000000000000000e+00 6.123594580882670409e-16 1.467910873819585904e-01
3.107214428857715482e+00 0.000000000000000000e+00 0.000000000000000000e+00 0.000000000000000000e+00 5.147199942998774771e-16 1.449311850375711586e-01
3.114228456913827880e+00 0.000000000000000000e+00 0.000000000000000000e+00 0.000000000000000000e+00 4.354629817999798066e-16 1.430700115174337039e-01
3.121242484969939834e+00 0.000000000000000000e+00 0.000000000000000000e+00 0.000000000000000000e+00 3.659183250415310060e-16 1.412069894717799534e-01
3.128256513026052232e+00 0.000000000000000000e+00 0.000000000000000000e+00 0.000000000000000000e+00 3.058100622424427047e-16 1.393415778396997762e-01
3.135270541082164186e+00 0.000000000000000000e+00 0.000000000000000000e+00 0.000000000000000000e+00 2.548677844291786637e-16 1.374732750402629100e-01
3.142284569138276584e+00 0.000000000000000000e+00 0.000000000000000000e+00 0.000000000000000000e+00 2.128265416161151095e-16 1.356016220679280015e-01
3.149298597194388982e+00 0.000000000000000000e+00 0.000000000000000000e+00 0.000000000000000000e+00 1.794267503756294145e-16 1.337262054672381240e-01
3.156312625250500936e+00 0.000000000000000000e+00 0.000000000000000000e+00 0.000000000000000000e+00 1.544141027812828308e-16 1.318466601621997580e-01
3.163326653306613334e+00 0.000000000000000000e+00 0.000000000000000000e+00 0.000000000000000000e+00 1.298983946673644671e-16 1.299626721163826271e-01
3.170340681362725288e+00 0.000000000000000000e+00 0.000000000000000000e+00 0.000000000000000000e+00 1.058719920277561044e-16 1.280739808006645941e-01
3.177354709418837686e+00 0.000000000000000000e+00 0.000000000000000000e+00 0.000000000000000000e+00 8.981167112061284015e-17 1.261803814466656293e-01
3.184368737474950084e+00 0.000000000000000000e+00 0.000000000000000000e+00 0.000000000000000000e+00 7.407135941448250348e-17 1.242817270652709499e-01
3.191382765531062038e+00 0.000000000000000000e+00 0.000000000000000000e+00 0.000000000000000000e+00 6.597690147402586477e-17 1.223779302111989431e-01
3.198396793587174436e+00 0.000000000000000000e+00 0.000000000000000000e+00 0.000000000000000000e+00 5.078633223440859328e-17 1.204689644763449058e-01
3.205410821643286390e+00 0.000000000000000000e+00 0.000000000000000000e+00 0.000000000000000000e+00 4.308238929890273926e-17 1.185548656965650233e-01
3.212424849699398788e+00 0.000000000000000000e+00 0.000000000000000000e+00 0.000000000000000000e+00 3.553191206789678198e-17 1.166357328586750397e-01
3.219438877755511186e+00 0.000000000000000000e+00 0.000000000000000000e+00 0.000000000000000000e+00 3.516567441755831476e-17 1.147117286966827798e-01
3.226452905811623140e+00 0.000000000000000000e+00 0.000000000000000000e+00 0.000000000000000000e+00 2.784259072111293472e-17 1.127830799686238561e-01
3.233466933867735538e+00 0.000000000000000000e+00 0.000000000000000000e+00 0.000000000000000000e+00 2.066673881427203889e-17 1.108500774078279849e-01
3.240480961923847936e+00 0.000000000000000000e+00 0.000000000000000000e+00 0.000000000000000000e+00 2.045376861186172947e-17 1.089130753449445987e-01
3.247494989979959890e+00 0.000000000000000000e+00 0.000000000000000000e+00 0.000000000000000000e+00 1.349533954050232148e-17 1.069724909996122436e-01
3.254509018036072288e+00 0.000000000000000000e+00 0.000000000000000000e+00 0.000000000000000000e+00 1.335629201466926412e-17 1.050288034432087653e-01
3.261523046092184241e+00 0.000000000000000000e+00 0.000000000000000000e+00 0.000000000000000000e+00 1.321868805891053320e-17 1.030825522366700941e-01
3.268537074148296639e+00 0.000000000000000000e+00 0.000000000000000000e+00 0.000000000000000000e+00 6.541256360698012188e-18 1.011343357498545453e-01
3.275551102204409037e+00 0.000000000000000000e+00 0.000000000000000000e+00 0.000000000000000000e+00 6.473875600923014187e-18 9.918480917137982578e-02
3.282565130260520991e+00 0.000000000000000000e+00 0.000000000000000000e+00 0.000000000000000000e+00 6.407194425045590373e-18 9.723468222018279150e-02
3.289579158316633389e+00 0.000000000000000000e+00 0.000000000000000000e+00 0.000000000000000000e+00 6.341205582321918170e-18 9.528471657229459213e-02
3.296593186372745343e+00 0.000000000000000000e+00 0.000000000000000000e+00 0.000000000000000000e+00 6.275901895640436488e-18 9.333572301841144836e-02
3.303607214428857741e+00 0.000000000000000000e+00 0.000000000000000000e+00 0.000000000000000000e+00 6.211276260818685619e-18 9.138855836977355374e-02
3.310621242484970139e+00 0.000000000000000000e+00 0.000000000000000000e+00 0.000000000000000000e+00 6.147321645905928775e-18 8.944412213164326664e-02
3.317635270541082093e+00 0.000000000000000000e+00 0.000000000000000000e+00 0.000000000000000000e+00 0.000000000000000000e+00 8.750335296524155981e-02
3.324649298597194491e+00 0.000000000000000000e+00 0.000000000000000000e+00 0.000000000000000000e+00 0.000000000000000000e+00 8.556722496039041725e-02
3.331663326653306445e+00 0.000000000000000000e+00 0.000000000000000000e+00 0.000000000000000000e+00 0.000000000000000000e+00 8.363674374228129149e-02
3.338677354709418843e+00 0.000000000000000000e+00 0.000000000000000000e+00 0.000000000000000000e+00 0.000000000000000000e+00 8.171294243674095958e-02
3.345691382765531241e+00 0.000000000000000000e+00 0.000000000000000000e+00 0.000000000000000000e+00 0.000000000000000000e+00 7.979687751910996552e-02
3.352705410821643195e+00 0.000000000000000000e+00 0.000000000000000000e+00 0.000000000000000000e+00 0.000000000000000000e+00 7.788962457235340531e-02
3.359719438877755593e+00 0.000000000000000000e+00 0.000000000000000000e+00 0.000000000000000000e+00 0.000000000000000000e+00 7.599227398031610514e-02
3.366733466933867547e+00 0.000000000000000000e+00 0.000000000000000000e+00 0.000000000000000000e+00 0.000000000000000000e+00 7.410592658210793382e-02
3.373747494989979945e+00 0.000000000000000000e+00 0.000000000000000000e+00 0.000000000000000000e+00 0.000000000000000000e+00 7.223168931344510491e-02
3.380761523046092343e+00 0.000000000000000000e+00 0.000000000000000000e+00 0.000000000000000000e+00 0.000000000000000000e+00 7.037067086043309605e-02
3.387775551102204297e+00 0.000000000000000000e+00 0.000000000000000000e+00 0.000000000000000000e+00 0.000000000000000000e+00 6.852397735070633877e-02
3.394789579158316695e+00 0.000000000000000000e+00 0.000000000000000000e+00 0.000000000000000000e+00 0.000000000000000000e+00 6.669270810610633538e-02
3.401803607214429093e+00 0.000000000000000000e+00 0.000000000000000000e+00 0.000000000000000000e+00 0.000000000000000000e+00 6.487795148015335078e-02
3.408817635270541047e+00 0.000000000000000000e+00 0.000000000000000000e+00 0.000000000000000000e+00 0.000000000000000000e+00 6.308078080248101516e-02
3.415831663326653445e+00 0.000000000000000000e+00 0.000000000000000000e+00 0.000000000000000000e+00 0.000000000000000000e+00 6.130225045117670968e-02
3.422845691382765398e+00 0.000000000000000000e+00 0.000000000000000000e+00 0.000000000000000000e+00 0.000000000000000000e+00 5.954339207260343769e-02
3.429859719438877796e+00 0.000000000000000000e+00 0.000000000000000000e+00 0.000000000000000000e+00 0.000000000000000000e+00 5.780521096680139165e-02
3.436873747494990194e+00 0.000000000000000000e+00 0.000000000000000000e+00 0.000000000000000000e+00 0.000000000000000000e+00 5.608868265499199895e-02
3.443887775551102148e+00 0.000000000000000000e+00 0.000000000000000000e+00 0.000000000000000000e+00 0.000000000000000000e+00 5.439474964405041635e-02
3.450901803607214546e+00 0.000000000000000000e+00 0.000000000000000000e+00 0.000000000000000000e+00 0.000000000000000000e+00 5.272431840109448320e-02
3.457915831663326500e+00 0.000000000000000000e+00 0.000000000000000000e+00 0.000000000000000000e+00 0.000000000000000000e+00 5.107825654957707379e-02
3.464929859719438898e+00 0.000000000000000000e+00 0.000000000000000000e+00 0.000000000000000000e+00 0.000000000000000000e+00 4.945739029647219787e-02
3.471943887775551296e+00 0.000000000000000000e+00 0.000000000000000000e+00 0.000000000000000000e+00 0.000000000000000000e+00 4.786250209835372915e-02
3.478957915831663250e+00 0.000000000000000000e+00 0.000000000000000000e+00 0.000000000000000000e+00 0.000000000000000000e+00 4.629432857235840637e-02
3.485971943887775648e+00 0.000000000000000000e+00 0.000000000000000000e+00 0.000000000000000000e+00 0.000000000000000000e+00 4.475355865626100965e-02
3.492985971943887602e+00 0.000000000000000000e+00 0.000000000000000000e+00 0.000000000000000000e+00 0.000000000000000000e+00 4.324083202014222804e-02
3.500000000000000000e+00 0.000000000000000000e+00 0.000000000000000000e+00 0.000000000000000000e+00 0.000000000000000000e+00 4.175673773044316639e-02
